c ******************************************************************************
c Copyright 2025, SHINE Technologies. All rights reserved.
c ******************************************************************************
c
c ------------------------------------------------------------------------------
c     Source definition
c ------------------------------------------------------------------------------
c
  sdef  par = n
        pos = 0 0 0
        axs = 0 0  1
        vec = 0 0 -1
        ext = d1
        dir = d2
        rad = fext = d3
        erg = fdir = d4
c
c ------------------------------------------------------------------------------
c
  sc1   Extent distribution
  si1   -68.5 136i 68.5
  sp1   0.00000e+00 1.62336e+08 4.67523e+08 7.56034e+08 1.05696e+09 1.37603e+09
        1.98892e+09 2.77825e+09 3.59512e+09 4.47835e+09 6.05361e+09 7.91507e+09
        9.83015e+09 1.22283e+10 1.54946e+10 1.88597e+10 2.26172e+10 2.75065e+10
        3.25832e+10 3.80906e+10 4.46476e+10 5.13845e+10 5.89295e+10 6.75831e+10
        7.64219e+10 8.64403e+10 9.70474e+10 1.08082e+11 1.20196e+11 1.32546e+11
        1.45893e+11 1.59832e+11 1.74009e+11 1.88553e+11 2.03267e+11 2.18482e+11
        2.33909e+11 2.48874e+11 2.63462e+11 2.77922e+11 2.91961e+11 3.05795e+11
        3.18065e+11 3.30033e+11 3.40531e+11 3.50455e+11 3.59006e+11 3.66317e+11
        3.72807e+11 3.77681e+11 3.82043e+11 3.84534e+11 3.86666e+11 3.87327e+11
        3.87603e+11 3.86581e+11 3.84976e+11 3.82574e+11 3.79457e+11 3.76041e+11
        3.72067e+11 3.67933e+11 3.63234e+11 3.58420e+11 3.53041e+11 3.47538e+11
        3.41819e+11 3.36005e+11 3.30275e+11 3.24638e+11 3.19007e+11 3.13374e+11
        3.07749e+11 3.02111e+11 2.96486e+11 2.90922e+11 2.85394e+11 2.80068e+11
        2.74985e+11 2.69956e+11 2.65068e+11 2.60212e+11 2.55465e+11 2.50764e+11
        2.46171e+11 2.41683e+11 2.37293e+11 2.33191e+11 2.29133e+11 2.25219e+11
        2.21366e+11 2.17598e+11 2.13950e+11 2.10333e+11 2.06837e+11 2.03373e+11
        2.00046e+11 1.96835e+11 1.93674e+11 1.90688e+11 1.87734e+11 1.84892e+11
        1.82130e+11 1.79401e+11 1.76774e+11 1.74168e+11 1.71664e+11 1.69239e+11
        1.66842e+11 1.64555e+11 1.62291e+11 1.60086e+11 1.57951e+11 1.55830e+11
        1.53781e+11 1.51760e+11 1.49779e+11 1.47896e+11 1.46025e+11 1.44220e+11
        1.42468e+11 1.40728e+11 1.39058e+11 1.37411e+11 1.35785e+11 1.34213e+11
        1.32650e+11 1.31131e+11 1.29665e+11 1.28207e+11 1.26807e+11 1.25440e+11
        1.24084e+11 1.22781e+11 1.21495e+11 1.20222e+11 1.18989e+11 1.17766e+11
c
c ------------------------------------------------------------------------------
c
  sc2   Angular distribution
  si2 H -1.00000000 -0.99862953 -0.99452190 -0.98768834 -0.97814760 -0.96592583
        -0.95105652 -0.93358043 -0.91354546 -0.89100652 -0.86602540 -0.83867057
        -0.80901699 -0.77714596 -0.74314483 -0.70710678 -0.66913061 -0.62932039
        -0.58778525 -0.54463904 -0.50000000 -0.45399050 -0.40673664 -0.35836795
        -0.30901699 -0.25881905 -0.20791169 -0.15643447 -0.10452846 -0.05233596
         0.00000000  0.05233596  0.10452846  0.15643447  0.20791169  0.25881905
         0.30901699  0.35836795  0.40673664  0.45399050  0.50000000  0.54463904
         0.58778525  0.62932039  0.66913061  0.70710678  0.74314483  0.77714596
         0.80901699  0.83867057  0.86602540  0.89100652  0.91354546  0.93358043
         0.95105652  0.96592583  0.97814760  0.98768834  0.99452190  0.99862953
         1.00000000
  sp2   0.00000e+00 1.72835e+08 5.18134e+08 8.62324e+08 1.20466e+09 1.54441e+09
        1.88083e+09 2.21317e+09 2.54069e+09 2.86264e+09 3.17828e+09 3.48687e+09
        3.78764e+09 4.07986e+09 4.36279e+09 4.63568e+09 4.89781e+09 5.14845e+09
        5.38687e+09 5.61237e+09 5.82427e+09 6.02189e+09 6.20457e+09 6.37168e+09
        6.52263e+09 6.65683e+09 6.77375e+09 6.87289e+09 6.95378e+09 7.01600e+09
        7.05920e+09 7.08305e+09 7.08728e+09 7.07170e+09 7.03615e+09 6.98056e+09
        6.90491e+09 6.80925e+09 6.69369e+09 6.55842e+09 6.40369e+09 6.22984e+09
        6.03725e+09 5.82640e+09 5.59781e+09 5.35209e+09 5.08989e+09 4.81196e+09
        4.51908e+09 4.21210e+09 3.89193e+09 3.55952e+09 3.21589e+09 2.86208e+09
        2.49919e+09 2.12835e+09 1.75073e+09 1.36752e+09 9.79936e+08 5.89220e+08
        1.96617e+08
c
c ------------------------------------------------------------------------------
c
  sc3   Radial distribution
  ds3 S 101 102 103 104 105 106 107 108 109 110 111 112 113 114 115 116 117 118
        119 120 121 122 123 124 125 126 127 128 129 130 131 132 133 134 135 136
        137 138 139 140 141 142 143 144 145 146 147 148 149 150 151 152 153 154
        155 156 157 158 159 160 161 162 163 164 165 166 167 168 169 170 171 172
        173 174 175 176 177 178 179 180 181 182 183 184 185 186 187 188 189 190
        191 192 193 194 195 196 197 198 199 200 201 202 203 204 205 206 207 208
        209 210 211 212 213 214 215 216 217 218 219 220 221 222 223 224 225 226
        227 228 229 230 231 232 233 234 235 236 237
c
  si101 0 4.1783
  si102 0 4.1783
  si103 0 4.1783
  si104 0 4.1783
  si105 0 4.1783
  si106 0 4.1783
  si107 0 4.1783
  si108 0 4.1783
  si109 0 4.1783
  si110 0 4.1783
  si111 0 4.1783
  si112 0 4.1783
  si113 0 4.1783
  si114 0 4.1783
  si115 0 4.1783
  si116 0 4.1783
  si117 0 4.1783
  si118 0 4.1783
  si119 0 4.1783
  si120 0 4.1783
  si121 0 4.1783
  si122 0 4.1783
  si123 0 4.1783
  si124 0 4.1783
  si125 0 4.1783
  si126 0 4.1783
  si127 0 4.1780
  si128 0 4.1420
  si129 0 4.1060
  si130 0 4.0700
  si131 0 4.0340
  si132 0 3.9980
  si133 0 3.9620
  si134 0 3.9260
  si135 0 3.8900
  si136 0 3.8540
  si137 0 3.8180
  si138 0 3.7820
  si139 0 3.7460
  si140 0 3.7100
  si141 0 3.6740
  si142 0 3.6380
  si143 0 3.6020
  si144 0 3.5660
  si145 0 3.5300
  si146 0 3.4940
  si147 0 3.4580
  si148 0 3.4220
  si149 0 3.3860
  si150 0 3.3500
  si151 0 3.3140
  si152 0 3.2780
  si153 0 3.2420
  si154 0 3.2060
  si155 0 3.1700
  si156 0 3.1340
  si157 0 3.0980
  si158 0 3.0620
  si159 0 3.0260
  si160 0 2.9900
  si161 0 2.9540
  si162 0 2.9180
  si163 0 2.8820
  si164 0 2.8460
  si165 0 2.8100
  si166 0 2.7740
  si167 0 2.7380
  si168 0 2.7020
  si169 0 2.6660
  si170 0 2.6300
  si171 0 2.5940
  si172 0 2.5580
  si173 0 2.5220
  si174 0 2.4860
  si175 0 2.4500
  si176 0 2.4140
  si177 0 2.3780
  si178 0 2.3420
  si179 0 2.3060
  si180 0 2.2700
  si181 0 2.2340
  si182 0 2.1980
  si183 0 2.1620
  si184 0 2.1260
  si185 0 2.0900
  si186 0 2.0540
  si187 0 2.0180
  si188 0 1.9820
  si189 0 1.9460
  si190 0 1.9100
  si191 0 1.8740
  si192 0 1.8380
  si193 0 1.8020
  si194 0 1.7660
  si195 0 1.7300
  si196 0 1.6940
  si197 0 1.6580
  si198 0 1.6220
  si199 0 1.5860
  si200 0 1.5500
  si201 0 1.5140
  si202 0 1.4780
  si203 0 1.4420
  si204 0 1.4060
  si205 0 1.3700
  si206 0 1.3340
  si207 0 1.2980
  si208 0 1.2620
  si209 0 1.2260
  si210 0 1.1900
  si211 0 1.1540
  si212 0 1.1180
  si213 0 1.0820
  si214 0 1.0460
  si215 0 1.0100
  si216 0 0.9740
  si217 0 0.9380
  si218 0 0.9020
  si219 0 0.8660
  si220 0 0.8300
  si221 0 0.7940
  si222 0 0.7580
  si223 0 0.7220
  si224 0 0.6860
  si225 0 0.6500
  si226 0 0.6140
  si227 0 0.5780
  si228 0 0.5420
  si229 0 0.5060
  si230 0 0.4700
  si231 0 0.4340
  si232 0 0.3980
  si233 0 0.3620
  si234 0 0.3260
  si235 0 0.2900
  si236 0 0.2540
  si237 0 0.2180
c
  sp101 -21 1
  sp102 -21 1
  sp103 -21 1
  sp104 -21 1
  sp105 -21 1
  sp106 -21 1
  sp107 -21 1
  sp108 -21 1
  sp109 -21 1
  sp110 -21 1
  sp111 -21 1
  sp112 -21 1
  sp113 -21 1
  sp114 -21 1
  sp115 -21 1
  sp116 -21 1
  sp117 -21 1
  sp118 -21 1
  sp119 -21 1
  sp120 -21 1
  sp121 -21 1
  sp122 -21 1
  sp123 -21 1
  sp124 -21 1
  sp125 -21 1
  sp126 -21 1
  sp127 -21 1
  sp128 -21 1
  sp129 -21 1
  sp130 -21 1
  sp131 -21 1
  sp132 -21 1
  sp133 -21 1
  sp134 -21 1
  sp135 -21 1
  sp136 -21 1
  sp137 -21 1
  sp138 -21 1
  sp139 -21 1
  sp140 -21 1
  sp141 -21 1
  sp142 -21 1
  sp143 -21 1
  sp144 -21 1
  sp145 -21 1
  sp146 -21 1
  sp147 -21 1
  sp148 -21 1
  sp149 -21 1
  sp150 -21 1
  sp151 -21 1
  sp152 -21 1
  sp153 -21 1
  sp154 -21 1
  sp155 -21 1
  sp156 -21 1
  sp157 -21 1
  sp158 -21 1
  sp159 -21 1
  sp160 -21 1
  sp161 -21 1
  sp162 -21 1
  sp163 -21 1
  sp164 -21 1
  sp165 -21 1
  sp166 -21 1
  sp167 -21 1
  sp168 -21 1
  sp169 -21 1
  sp170 -21 1
  sp171 -21 1
  sp172 -21 1
  sp173 -21 1
  sp174 -21 1
  sp175 -21 1
  sp176 -21 1
  sp177 -21 1
  sp178 -21 1
  sp179 -21 1
  sp180 -21 1
  sp181 -21 1
  sp182 -21 1
  sp183 -21 1
  sp184 -21 1
  sp185 -21 1
  sp186 -21 1
  sp187 -21 1
  sp188 -21 1
  sp189 -21 1
  sp190 -21 1
  sp191 -21 1
  sp192 -21 1
  sp193 -21 1
  sp194 -21 1
  sp195 -21 1
  sp196 -21 1
  sp197 -21 1
  sp198 -21 1
  sp199 -21 1
  sp200 -21 1
  sp201 -21 1
  sp202 -21 1
  sp203 -21 1
  sp204 -21 1
  sp205 -21 1
  sp206 -21 1
  sp207 -21 1
  sp208 -21 1
  sp209 -21 1
  sp210 -21 1
  sp211 -21 1
  sp212 -21 1
  sp213 -21 1
  sp214 -21 1
  sp215 -21 1
  sp216 -21 1
  sp217 -21 1
  sp218 -21 1
  sp219 -21 1
  sp220 -21 1
  sp221 -21 1
  sp222 -21 1
  sp223 -21 1
  sp224 -21 1
  sp225 -21 1
  sp226 -21 1
  sp227 -21 1
  sp228 -21 1
  sp229 -21 1
  sp230 -21 1
  sp231 -21 1
  sp232 -21 1
  sp233 -21 1
  sp234 -21 1
  sp235 -21 1
  sp236 -21 1
  sp237 -21 1
c
c ------------------------------------------------------------------------------
c
  sc4   Energy distribution
  ds4 S   5   6   7   8   9  10  11  12  13  14  15  16  17  18  19  20  21  22
         23  24  25  26  27  28  29  30  31  32  33  34  35  36  37  38  39  40
         41  42  43  44  45  46  47  48  49  50  51  52  53  54  55  56  57  58
         59  60  61  62  63  64
c
  si5   A 1.98 36i 2.35 13.04 78i 13.83
  sp5   0.00000e+00 1.75374e+06 3.28132e+06 2.87590e+06 2.52241e+06 2.21383e+06
        1.93737e+06 1.69394e+06 1.47705e+06 1.28813e+06 1.12125e+06 9.73790e+05
        8.42713e+05 7.27793e+05 6.26448e+05 5.38959e+05 4.58950e+05 3.87414e+05
        3.28587e+05 2.75398e+05 2.27421e+05 1.87052e+05 1.51910e+05 1.21856e+05
        9.52597e+04 7.34035e+04 5.55289e+04 4.09754e+04 2.90661e+04 1.97243e+04
        1.35088e+04 8.05473e+03 4.76906e+03 2.73776e+03 1.22899e+03 6.45158e+02
        2.57480e+02 0.00000e+00 0.00000e+00 6.10195e+07 2.79279e+08 2.82866e+08
        2.86100e+08 2.89800e+08 2.94050e+08 2.98642e+08 3.01945e+08 3.07374e+08
        3.12230e+08 3.16979e+08 3.22069e+08 3.28550e+08 3.33458e+08 3.39399e+08
        3.45875e+08 3.52237e+08 3.58656e+08 3.64109e+08 3.72264e+08 3.77962e+08
        3.85558e+08 3.91220e+08 3.98756e+08 4.03461e+08 4.08702e+08 4.13507e+08
        4.17732e+08 4.22410e+08 4.24000e+08 4.20618e+08 4.21662e+08 4.17519e+08
        4.13989e+08 4.05001e+08 3.96655e+08 3.86955e+08 3.71729e+08 3.54941e+08
        3.38682e+08 3.20211e+08 2.97964e+08 2.79937e+08 2.59633e+08 2.36073e+08
        2.17556e+08 1.95456e+08 1.77206e+08 1.57882e+08 1.42113e+08 1.24237e+08
        1.10197e+08 9.70193e+07 8.39818e+07 7.25860e+07 6.24776e+07 5.45635e+07
        4.58635e+07 3.82494e+07 3.27890e+07 2.67746e+07 2.25376e+07 1.86632e+07
        1.48102e+07 1.20001e+07 9.68978e+06 6.93406e+06 5.68608e+06 4.51942e+06
        3.15321e+06 2.47535e+06 1.99642e+06 1.42801e+06 8.32653e+05 7.10733e+05
        5.08486e+05 3.26069e+05 9.78583e+04 0.00000e+00
c
  si6   A 1.98 36i 2.35 13.04 78i 13.83
  sp6   0.00000e+00 3.90995e+06 9.99470e+06 8.76827e+06 7.68740e+06 6.74032e+06
        5.89372e+06 5.16073e+06 4.49701e+06 3.91854e+06 3.40928e+06 2.96160e+06
        2.56415e+06 2.21509e+06 1.90677e+06 1.63695e+06 1.39501e+06 1.18265e+06
        9.98000e+05 8.37218e+05 6.90974e+05 5.69057e+05 4.62653e+05 3.69811e+05
        2.91773e+05 2.24505e+05 1.68978e+05 1.24117e+05 8.88976e+04 6.17839e+04
        4.05163e+04 2.47764e+04 1.50014e+04 8.25388e+03 3.87710e+03 1.94085e+03
        7.99264e+02 0.00000e+00 0.00000e+00 2.14597e+07 7.61227e+08 8.46738e+08
        8.58471e+08 8.68741e+08 8.80630e+08 8.92982e+08 9.07157e+08 9.20636e+08
        9.34233e+08 9.49422e+08 9.65135e+08 9.82474e+08 9.98225e+08 1.01750e+09
        1.03554e+09 1.05578e+09 1.07315e+09 1.09348e+09 1.11352e+09 1.13389e+09
        1.15256e+09 1.17233e+09 1.19312e+09 1.20968e+09 1.22678e+09 1.23996e+09
        1.25507e+09 1.26481e+09 1.27186e+09 1.27008e+09 1.26710e+09 1.26125e+09
        1.24877e+09 1.22420e+09 1.19575e+09 1.16412e+09 1.12756e+09 1.07363e+09
        1.02659e+09 9.78685e+08 9.05122e+08 8.51680e+08 7.87828e+08 7.20041e+08
        6.65195e+08 5.94989e+08 5.42645e+08 4.80816e+08 4.31161e+08 3.83438e+08
        3.36182e+08 2.94314e+08 2.58068e+08 2.22814e+08 1.93957e+08 1.62869e+08
        1.42811e+08 1.16516e+08 1.00521e+08 8.34113e+07 6.84878e+07 5.78539e+07
        4.42004e+07 3.67817e+07 2.97811e+07 2.18603e+07 1.76842e+07 1.40028e+07
        9.61125e+06 7.48038e+06 6.04103e+06 4.36388e+06 2.71298e+06 2.10368e+06
        1.58478e+06 1.02233e+06 3.36332e+05 0.00000e+00
c
  si7   A 1.98 37i 2.36 13.05 77i 13.83
  sp7   0.00000e+00 1.97901e+06 1.71157e+07 1.50831e+07 1.32111e+07 1.15781e+07
        1.01284e+07 8.85287e+06 7.72660e+06 6.72068e+06 5.84014e+06 5.07571e+06
        4.39298e+06 3.79423e+06 3.27242e+06 2.80218e+06 2.38549e+06 2.03264e+06
        1.70398e+06 1.43629e+06 1.18818e+06 9.74974e+05 7.93680e+05 6.35475e+05
        5.00688e+05 3.87069e+05 2.92633e+05 2.14704e+05 1.53969e+05 1.06686e+05
        7.04837e+04 4.32555e+04 2.63167e+04 1.42834e+04 6.95623e+03 3.35248e+03
        1.45002e+03 1.90270e+01 0.00000e+00 0.00000e+00 5.07786e+08 1.41052e+09
        1.42673e+09 1.44436e+09 1.46505e+09 1.48536e+09 1.50708e+09 1.52803e+09
        1.55464e+09 1.57726e+09 1.60485e+09 1.62885e+09 1.65819e+09 1.68882e+09
        1.71948e+09 1.74966e+09 1.78371e+09 1.81581e+09 1.85002e+09 1.88098e+09
        1.91694e+09 1.94989e+09 1.98334e+09 2.01541e+09 2.04355e+09 2.07148e+09
        2.08951e+09 2.11041e+09 2.12148e+09 2.13002e+09 2.12725e+09 2.11869e+09
        2.09429e+09 2.05817e+09 2.02757e+09 1.97636e+09 1.90020e+09 1.83352e+09
        1.75528e+09 1.65219e+09 1.55554e+09 1.46795e+09 1.34103e+09 1.24227e+09
        1.13794e+09 1.03098e+09 9.37456e+08 8.30266e+08 7.52240e+08 6.53913e+08
        5.88500e+08 5.06915e+08 4.51158e+08 3.83083e+08 3.38665e+08 2.80312e+08
        2.47376e+08 2.03910e+08 1.74660e+08 1.46630e+08 1.18210e+08 1.00434e+08
        7.85220e+07 6.35185e+07 5.20538e+07 3.82459e+07 3.08601e+07 2.43375e+07
        1.72712e+07 1.29086e+07 1.04132e+07 7.78170e+06 4.83670e+06 3.60549e+06
        2.77324e+06 1.81999e+06 7.15843e+05 0.00000e+00
c
  si8   A 1.99 36i 2.36 13.05 77i 13.83
  sp8   0.00000e+00 1.78356e+07 2.21600e+07 1.93873e+07 1.69723e+07 1.48438e+07
        1.29616e+07 1.12966e+07 9.83243e+06 8.54272e+06 7.41401e+06 6.41498e+06
        5.54183e+06 4.76539e+06 4.08792e+06 3.49123e+06 2.95497e+06 2.49848e+06
        2.08841e+06 1.74096e+06 1.42793e+06 1.15743e+06 9.31470e+05 7.35895e+05
        5.70091e+05 4.30636e+05 3.17797e+05 2.29216e+05 1.59127e+05 1.03660e+05
        6.50157e+04 3.98595e+04 2.11087e+04 1.07896e+04 4.94409e+03 2.30814e+03
        8.96145e+01 0.00000e+00 0.00000e+00 4.66673e+04 1.00273e+09 1.99169e+09
        2.01778e+09 2.04676e+09 2.07213e+09 2.09979e+09 2.13065e+09 2.16508e+09
        2.19971e+09 2.23500e+09 2.26859e+09 2.31116e+09 2.34935e+09 2.39367e+09
        2.43566e+09 2.48197e+09 2.53019e+09 2.57530e+09 2.62453e+09 2.66927e+09
        2.71730e+09 2.76737e+09 2.80929e+09 2.85633e+09 2.89367e+09 2.92568e+09
        2.96340e+09 2.98791e+09 2.99912e+09 3.00172e+09 2.98022e+09 2.97941e+09
        2.94394e+09 2.88039e+09 2.81449e+09 2.74110e+09 2.64079e+09 2.52450e+09
        2.39524e+09 2.27820e+09 2.11506e+09 1.97232e+09 1.83058e+09 1.65990e+09
        1.52774e+09 1.36941e+09 1.23391e+09 1.10742e+09 9.75960e+08 8.69823e+08
        7.55377e+08 6.65680e+08 5.71718e+08 5.00242e+08 4.24279e+08 3.64219e+08
        3.08462e+08 2.57901e+08 2.21043e+08 1.76204e+08 1.48837e+08 1.19976e+08
        9.44662e+07 7.79446e+07 5.92659e+07 4.53868e+07 3.66478e+07 2.70629e+07
        1.89795e+07 1.54059e+07 1.18262e+07 7.51978e+06 5.37663e+06 4.13148e+06
        2.83534e+06 1.34507e+06 0.00000e+00
c
  si9   A 1.99 36i 2.36 13.06 77i 13.84
  sp9   0.00000e+00 7.00445e+06 3.02337e+07 2.65897e+07 2.32297e+07 2.03015e+07
        1.77142e+07 1.54227e+07 1.34164e+07 1.16462e+07 1.00865e+07 8.73453e+06
        7.53591e+06 6.48343e+06 5.55433e+06 4.74084e+06 4.02811e+06 3.39164e+06
        2.84729e+06 2.36230e+06 1.95344e+06 1.58482e+06 1.27033e+06 1.00627e+06
        7.81306e+05 5.93821e+05 4.40137e+05 3.17597e+05 2.19703e+05 1.44459e+05
        9.21358e+04 5.64145e+04 2.96543e+04 1.58715e+04 6.78502e+03 3.41779e+03
        2.56044e+02 0.00000e+00 0.00000e+00 7.67939e+04 1.01978e+09 2.51445e+09
        2.61868e+09 2.64998e+09 2.69118e+09 2.72848e+09 2.76796e+09 2.81035e+09
        2.85347e+09 2.89815e+09 2.95212e+09 2.99892e+09 3.05431e+09 3.10733e+09
        3.16899e+09 3.22994e+09 3.28480e+09 3.34707e+09 3.40997e+09 3.47475e+09
        3.53638e+09 3.59936e+09 3.65467e+09 3.71683e+09 3.76446e+09 3.80248e+09
        3.85680e+09 3.87823e+09 3.89489e+09 3.89372e+09 3.87243e+09 3.83915e+09
        3.80358e+09 3.72482e+09 3.62632e+09 3.50982e+09 3.38600e+09 3.22831e+09
        3.04833e+09 2.87939e+09 2.69119e+09 2.47484e+09 2.28989e+09 2.08892e+09
        1.88946e+09 1.71483e+09 1.51370e+09 1.36865e+09 1.19397e+09 1.05993e+09
        9.19094e+08 8.06454e+08 6.89302e+08 6.01068e+08 5.02604e+08 4.37786e+08
        3.57077e+08 3.07730e+08 2.51216e+08 2.06946e+08 1.72670e+08 1.31703e+08
        1.09173e+08 8.67596e+07 6.28787e+07 5.15535e+07 3.95226e+07 2.66526e+07
        2.15001e+07 1.66887e+07 1.13974e+07 7.34587e+06 5.78169e+06 4.09413e+06
        2.26295e+06 1.89843e+05 0.00000e+00
c
  si10  A 2.0 35i 2.36 13.08 75i 13.84
  sp10  0.00000e+00 2.23341e+07 3.52822e+07 3.07678e+07 2.68493e+07 2.33800e+07
        2.03686e+07 1.76943e+07 1.53372e+07 1.32638e+07 1.14770e+07 9.89201e+06
        8.50612e+06 7.28912e+06 6.21917e+06 5.27855e+06 4.45799e+06 3.73184e+06
        3.11407e+06 2.55825e+06 2.08868e+06 1.68449e+06 1.33196e+06 1.03803e+06
        7.90857e+05 5.87314e+05 4.23651e+05 2.94912e+05 1.96873e+05 1.26764e+05
        7.64827e+04 4.14410e+04 2.26563e+04 9.15919e+03 4.86243e+03 6.34544e+02
        0.00000e+00 0.00000e+00 5.41623e+08 2.49108e+09 3.23069e+09 3.26575e+09
        3.31850e+09 3.36130e+09 3.41221e+09 3.46195e+09 3.52078e+09 3.57482e+09
        3.63524e+09 3.69711e+09 3.76676e+09 3.83425e+09 3.90013e+09 3.98340e+09
        4.05985e+09 4.12489e+09 4.21474e+09 4.29056e+09 4.36308e+09 4.44544e+09
        4.52386e+09 4.59519e+09 4.64734e+09 4.71391e+09 4.75567e+09 4.80309e+09
        4.81292e+09 4.81022e+09 4.79632e+09 4.74441e+09 4.68677e+09 4.59635e+09
        4.48263e+09 4.31521e+09 4.14719e+09 3.95951e+09 3.73914e+09 3.50552e+09
        3.27453e+09 3.00618e+09 2.76690e+09 2.53020e+09 2.26568e+09 2.04876e+09
        1.81623e+09 1.61773e+09 1.42401e+09 1.24046e+09 1.08942e+09 9.34160e+08
        8.12860e+08 6.88193e+08 5.87586e+08 4.96336e+08 4.10873e+08 3.51351e+08
        2.78904e+08 2.35293e+08 1.86013e+08 1.47173e+08 1.20018e+08 8.89683e+07
        6.97557e+07 5.49855e+07 3.85527e+07 2.86330e+07 2.29051e+07 1.66171e+07
        1.00842e+07 7.78689e+06 5.70302e+06 3.49122e+06 7.96708e+05 0.00000e+00
c
  si11  A 2.0 35i 2.36 13.09 74i 13.84
  sp11  0.00000e+00 1.40660e+06 3.51830e+07 4.02318e+07 3.49701e+07 3.04458e+07
        2.64366e+07 2.29467e+07 1.98790e+07 1.71745e+07 1.48162e+07 1.27597e+07
        1.09669e+07 9.39131e+06 8.01386e+06 6.80133e+06 5.74107e+06 4.81510e+06
        4.00694e+06 3.31674e+06 2.70601e+06 2.17454e+06 1.73270e+06 1.35452e+06
        1.03678e+06 7.72845e+05 5.59512e+05 3.94219e+05 2.65794e+05 1.71985e+05
        1.01538e+05 5.77956e+04 3.13009e+04 1.29078e+04 6.75056e+03 1.37347e+03
        0.00000e+00 0.00000e+00 3.12660e+07 1.40079e+09 3.39405e+09 3.89534e+09
        3.94404e+09 4.00368e+09 4.06678e+09 4.11537e+09 4.18951e+09 4.25785e+09
        4.33191e+09 4.39625e+09 4.48296e+09 4.55763e+09 4.65399e+09 4.74397e+09
        4.83093e+09 4.92211e+09 5.01145e+09 5.12263e+09 5.20418e+09 5.30222e+09
        5.40510e+09 5.48183e+09 5.56362e+09 5.63772e+09 5.69913e+09 5.74025e+09
        5.77436e+09 5.76661e+09 5.74521e+09 5.71216e+09 5.62031e+09 5.51315e+09
        5.36802e+09 5.18731e+09 4.97729e+09 4.74538e+09 4.47040e+09 4.19030e+09
        3.90238e+09 3.58888e+09 3.28011e+09 2.99720e+09 2.67545e+09 2.41173e+09
        2.14287e+09 1.88452e+09 1.66677e+09 1.43538e+09 1.26695e+09 1.07451e+09
        9.36154e+08 7.79082e+08 6.73406e+08 5.53530e+08 4.67440e+08 3.87145e+08
        3.12022e+08 2.59996e+08 1.98580e+08 1.62031e+08 1.27606e+08 9.26024e+07
        7.48014e+07 5.62950e+07 3.80332e+07 3.05053e+07 2.32300e+07 1.48244e+07
        1.02303e+07 7.83962e+06 5.16302e+06 2.06856e+06 0.00000e+00
c
  si12  A 2.01 34i 2.36 13.11 73i 13.85
  sp12  0.00000e+00 4.42782e+06 4.30775e+07 4.54513e+07 3.94480e+07 3.41894e+07
        2.96347e+07 2.56128e+07 2.21036e+07 1.90261e+07 1.63663e+07 1.40428e+07
        1.20103e+07 1.02466e+07 8.70203e+06 7.33918e+06 6.15971e+06 5.13458e+06
        4.24605e+06 3.46725e+06 2.80929e+06 2.23693e+06 1.75307e+06 1.34747e+06
        1.01113e+06 7.37908e+05 5.22774e+05 3.55613e+05 2.27563e+05 1.38568e+05
        8.10301e+04 4.22601e+04 1.89396e+04 9.11652e+03 2.68421e+03 0.00000e+00
        0.00000e+00 1.23582e+08 1.79399e+09 3.90642e+09 4.59030e+09 4.64948e+09
        4.71713e+09 4.78734e+09 4.86282e+09 4.94032e+09 5.01595e+09 5.10977e+09
        5.20173e+09 5.29580e+09 5.39591e+09 5.50243e+09 5.60771e+09 5.72020e+09
        5.83257e+09 5.94093e+09 6.05194e+09 6.16724e+09 6.29379e+09 6.38436e+09
        6.50025e+09 6.57743e+09 6.66466e+09 6.73056e+09 6.76238e+09 6.77222e+09
        6.76806e+09 6.70375e+09 6.63027e+09 6.50108e+09 6.34439e+09 6.12439e+09
        5.89367e+09 5.61207e+09 5.29416e+09 4.95584e+09 4.60762e+09 4.23134e+09
        3.87504e+09 3.51137e+09 3.15657e+09 2.81398e+09 2.50140e+09 2.19437e+09
        1.93367e+09 1.66261e+09 1.45495e+09 1.23218e+09 1.06743e+09 8.86722e+08
        7.62768e+08 6.19942e+08 5.27563e+08 4.24243e+08 3.47882e+08 2.81541e+08
        2.16058e+08 1.75840e+08 1.31358e+08 9.98383e+07 7.88510e+07 5.47831e+07
        4.02135e+07 3.16713e+07 2.24780e+07 1.35612e+07 1.04598e+07 7.40915e+06
        4.08921e+06 3.95039e+05 0.00000e+00
c
  si13  A 2.02 34i 2.37 13.13 71i 13.85
  sp13  0.00000e+00 5.55754e+06 4.72570e+07 5.13953e+07 4.43937e+07 3.83615e+07
        3.31131e+07 2.84941e+07 2.45194e+07 2.10097e+07 1.80040e+07 1.53864e+07
        1.30966e+07 1.11208e+07 9.37492e+06 7.88100e+06 6.56548e+06 5.42812e+06
        4.45738e+06 3.61267e+06 2.87848e+06 2.27026e+06 1.75567e+06 1.32543e+06
        9.71385e+05 6.90589e+05 4.72800e+05 3.08480e+05 1.91964e+05 1.12454e+05
        5.74956e+04 2.84743e+04 1.20846e+04 4.84736e+03 2.69194e+01 0.00000e+00
        0.00000e+00 6.09910e+07 1.61460e+09 3.84247e+09 5.28970e+09 5.38214e+09
        5.45817e+09 5.54165e+09 5.62659e+09 5.72248e+09 5.81483e+09 5.91690e+09
        6.03930e+09 6.13639e+09 6.24411e+09 6.38838e+09 6.51085e+09 6.64505e+09
        6.77766e+09 6.90849e+09 7.04121e+09 7.18253e+09 7.30306e+09 7.44759e+09
        7.53863e+09 7.64588e+09 7.73814e+09 7.80480e+09 7.82349e+09 7.83722e+09
        7.77324e+09 7.72895e+09 7.58144e+09 7.40965e+09 7.18635e+09 6.90770e+09
        6.59323e+09 6.23173e+09 5.82849e+09 5.42858e+09 4.99424e+09 4.55693e+09
        4.12737e+09 3.69772e+09 3.30645e+09 2.91966e+09 2.55913e+09 2.24416e+09
        1.92874e+09 1.67568e+09 1.41995e+09 1.21881e+09 1.01235e+09 8.61463e+08
        6.99067e+08 5.93271e+08 4.69553e+08 3.87560e+08 3.04177e+08 2.36626e+08
        1.90270e+08 1.36927e+08 1.07229e+08 8.19154e+07 5.45015e+07 4.24828e+07
        3.20890e+07 2.05145e+07 1.37676e+07 1.03312e+07 6.59649e+06 2.09320e+06
        0.00000e+00
c
  si14  A 2.03 33i 2.37 13.16 69i 13.86
  sp14  0.00000e+00 3.76908e+06 4.64032e+07 5.83852e+07 5.02061e+07 4.31887e+07
        3.70969e+07 3.18239e+07 2.72322e+07 2.32441e+07 1.98216e+07 1.68546e+07
        1.42788e+07 1.20526e+07 1.01106e+07 8.43502e+06 6.97779e+06 5.73334e+06
        4.65896e+06 3.73414e+06 2.95122e+06 2.29005e+06 1.73870e+06 1.28522e+06
        9.22472e+05 6.38773e+05 4.23113e+05 2.64868e+05 1.53004e+05 8.31468e+04
        4.24976e+04 1.64066e+04 7.82042e+03 5.32724e+02 0.00000e+00 0.00000e+00
        8.45595e+08 3.09828e+09 5.39380e+09 6.13278e+09 6.23419e+09 6.31916e+09
        6.42625e+09 6.52327e+09 6.64991e+09 6.75451e+09 6.88408e+09 7.01733e+09
        7.14678e+09 7.30753e+09 7.43105e+09 7.59830e+09 7.77991e+09 7.90903e+09
        8.06769e+09 8.22744e+09 8.38704e+09 8.52882e+09 8.64544e+09 8.79305e+09
        8.86745e+09 8.92504e+09 8.97624e+09 8.92727e+09 8.88644e+09 8.76359e+09
        8.59587e+09 8.37257e+09 8.07770e+09 7.70395e+09 7.31111e+09 6.88435e+09
        6.39074e+09 5.89313e+09 5.38107e+09 4.86847e+09 4.37546e+09 3.88631e+09
        3.42725e+09 3.01856e+09 2.61546e+09 2.25572e+09 1.94649e+09 1.64480e+09
        1.40501e+09 1.16130e+09 9.83704e+08 7.95361e+08 6.66906e+08 5.27143e+08
        4.31950e+08 3.33481e+08 2.60640e+08 2.04621e+08 1.46539e+08 1.15080e+08
        8.38096e+07 5.66217e+07 4.44966e+07 3.19927e+07 1.90404e+07 1.40887e+07
        9.88046e+06 5.26374e+06 4.20125e+05 0.00000e+00
c
  si15  A 2.04 32i 2.37 13.18 67i 13.86
  sp15  0.00000e+00 7.66205e+05 3.67429e+07 6.61974e+07 5.72510e+07 4.90467e+07
        4.19122e+07 3.57549e+07 3.04513e+07 2.58644e+07 2.19183e+07 1.85502e+07
        1.56263e+07 1.31109e+07 1.09327e+07 9.05609e+06 7.43726e+06 6.05486e+06
        4.87412e+06 3.86344e+06 3.01094e+06 2.30177e+06 1.71936e+06 1.24261e+06
        8.67434e+05 5.80616e+05 3.66574e+05 2.18570e+05 1.22503e+05 6.04156e+04
        2.53684e+04 1.15806e+04 2.05443e+03 0.00000e+00 0.00000e+00 6.53608e+07
        1.70729e+09 4.11183e+09 6.42296e+09 7.02033e+09 7.14175e+09 7.24093e+09
        7.35968e+09 7.49820e+09 7.63393e+09 7.76704e+09 7.92286e+09 8.06863e+09
        8.24742e+09 8.41741e+09 8.59726e+09 8.77501e+09 8.96216e+09 9.13778e+09
        9.33216e+09 9.49435e+09 9.69103e+09 9.83039e+09 9.94918e+09 1.00831e+10
        1.01567e+10 1.01599e+10 1.01395e+10 1.00644e+10 9.90305e+09 9.69040e+09
        9.38146e+09 9.03916e+09 8.60433e+09 8.09307e+09 7.56647e+09 6.99331e+09
        6.38680e+09 5.80453e+09 5.19194e+09 4.61952e+09 4.08577e+09 3.57507e+09
        3.09068e+09 2.66514e+09 2.28303e+09 1.93088e+09 1.63533e+09 1.35191e+09
        1.13388e+09 9.14076e+08 7.60186e+08 5.99511e+08 4.85855e+08 3.71620e+08
        2.89625e+08 2.22687e+08 1.59171e+08 1.23956e+08 8.64254e+07 6.02082e+07
        4.64725e+07 3.11088e+07 1.89913e+07 1.41244e+07 9.11765e+06 3.10878e+06
        0.00000e+00
c
  si16  A 2.06 30i 2.37 13.21 65i 13.87
  sp16  0.00000e+00 1.99551e+07 6.66377e+07 6.62606e+07 5.63684e+07 4.79630e+07
        4.06137e+07 3.44245e+07 2.90364e+07 2.44884e+07 2.05722e+07 1.72229e+07
        1.43615e+07 1.18909e+07 9.76941e+06 7.96641e+06 6.42258e+06 5.11919e+06
        4.00560e+06 3.08160e+06 2.31408e+06 1.69132e+06 1.19219e+06 8.09202e+05
        5.22580e+05 3.16053e+05 1.76637e+05 8.92967e+04 4.14823e+04 1.63163e+04
        5.16327e+03 0.00000e+00 0.00000e+00 1.44898e+08 2.06359e+09 4.55632e+09
        7.08140e+09 7.98542e+09 8.09382e+09 8.23090e+09 8.39112e+09 8.50708e+09
        8.69842e+09 8.85669e+09 9.03398e+09 9.20679e+09 9.43060e+09 9.62306e+09
        9.83338e+09 1.00407e+10 1.02537e+10 1.04667e+10 1.07105e+10 1.08809e+10
        1.10816e+10 1.12017e+10 1.13727e+10 1.14362e+10 1.14907e+10 1.14423e+10
        1.13521e+10 1.11519e+10 1.09261e+10 1.05166e+10 1.01152e+10 9.56058e+09
        8.99324e+09 8.35122e+09 7.63636e+09 6.96245e+09 6.25513e+09 5.57824e+09
        4.90168e+09 4.28952e+09 3.71288e+09 3.19761e+09 2.72061e+09 2.30249e+09
        1.93060e+09 1.59732e+09 1.32574e+09 1.07245e+09 8.78143e+08 6.91950e+08
        5.53225e+08 4.22479e+08 3.25540e+08 2.46018e+08 1.76024e+08 1.34817e+08
        9.08397e+07 6.47402e+07 4.84831e+07 3.02391e+07 1.96205e+07 1.40360e+07
        7.96871e+06 1.16843e+06 0.00000e+00
c
  si17  A 2.07 30i 2.38 13.24 63i 13.88
  sp17  0.00000e+00 4.52538e+06 4.93807e+07 7.73213e+07 6.60069e+07 5.56794e+07
        4.68990e+07 3.94258e+07 3.30650e+07 2.77003e+07 2.30753e+07 1.91977e+07
        1.59072e+07 1.30535e+07 1.06404e+07 8.59622e+06 6.86955e+06 5.39965e+06
        4.18155e+06 3.16285e+06 2.33202e+06 1.66644e+06 1.14416e+06 7.49244e+05
        4.61224e+05 2.64301e+05 1.39766e+05 6.58441e+04 2.45238e+04 1.02020e+04
        3.80904e+02 0.00000e+00 0.00000e+00 5.47335e+07 1.79897e+09 4.41281e+09
        7.10217e+09 8.95642e+09 9.15329e+09 9.27458e+09 9.47731e+09 9.65281e+09
        9.82519e+09 1.00188e+10 1.02247e+10 1.04504e+10 1.06855e+10 1.09186e+10
        1.11848e+10 1.14088e+10 1.16590e+10 1.19296e+10 1.21631e+10 1.23990e+10
        1.25772e+10 1.27227e+10 1.28711e+10 1.29067e+10 1.28831e+10 1.27907e+10
        1.25664e+10 1.22642e+10 1.18490e+10 1.13362e+10 1.06940e+10 1.00229e+10
        9.25638e+09 8.43288e+09 7.60514e+09 6.78638e+09 6.01781e+09 5.22935e+09
        4.53886e+09 3.89228e+09 3.30819e+09 2.78644e+09 2.32868e+09 1.92896e+09
        1.57566e+09 1.28220e+09 1.03125e+09 8.16938e+08 6.41377e+08 4.90668e+08
        3.70312e+08 2.78906e+08 1.97192e+08 1.48461e+08 9.81686e+07 7.00549e+07
        5.09476e+07 3.02110e+07 2.04291e+07 1.37638e+07 6.20608e+06 2.01254e+05
        0.00000e+00
c
  si18  A 2.09 28i 2.38 13.28 59i 13.88
  sp18  0.00000e+00 1.98718e+07 7.10886e+07 7.91729e+07 6.61615e+07 5.52760e+07
        4.61225e+07 3.83158e+07 3.18145e+07 2.63592e+07 2.17233e+07 1.78121e+07
        1.45330e+07 1.17307e+07 9.38412e+06 7.40986e+06 5.76790e+06 4.38949e+06
        3.27168e+06 2.36079e+06 1.64386e+06 1.09563e+06 6.89838e+05 4.03165e+05
        2.16663e+05 1.03249e+05 4.30957e+04 1.66256e+04 2.73166e+03 0.00000e+00
        0.00000e+00 9.09076e+08 3.59347e+09 6.39034e+09 9.23823e+09 1.02724e+10
        1.04387e+10 1.06386e+10 1.08479e+10 1.10272e+10 1.12983e+10 1.15300e+10
        1.17829e+10 1.20355e+10 1.23510e+10 1.26241e+10 1.29080e+10 1.32119e+10
        1.34940e+10 1.37756e+10 1.40311e+10 1.42222e+10 1.44082e+10 1.44448e+10
        1.45138e+10 1.43746e+10 1.41717e+10 1.38608e+10 1.33802e+10 1.27643e+10
        1.20760e+10 1.12134e+10 1.03564e+10 9.37118e+09 8.40397e+09 7.44643e+09
        6.52564e+09 5.65935e+09 4.83621e+09 4.10558e+09 3.45245e+09 2.87233e+09
        2.36806e+09 1.92731e+09 1.56393e+09 1.23797e+09 9.86768e+08 7.60596e+08
        5.83145e+08 4.32227e+08 3.23486e+08 2.24955e+08 1.66742e+08 1.08630e+08
        7.67645e+07 5.41259e+07 3.10307e+07 2.13112e+07 1.33711e+07 4.15840e+06
        0.00000e+00
c
  si19  A 2.1 28i 2.39 13.31 57i 13.89
  sp19  0.00000e+00 6.52320e+05 3.72109e+07 8.39927e+07 8.10314e+07 6.69928e+07
        5.52632e+07 4.55158e+07 3.74412e+07 3.06863e+07 2.50442e+07 2.03711e+07
        1.64112e+07 1.31432e+07 1.03896e+07 8.11596e+06 6.22543e+06 4.66362e+06
        3.41247e+06 2.41072e+06 1.62884e+06 1.04616e+06 6.28191e+05 3.46978e+05
        1.73673e+05 7.58656e+04 2.60566e+04 8.24214e+03 5.73453e-01 0.00000e+00
        0.00000e+00 6.05928e+07 2.01199e+09 4.94255e+09 7.95830e+09 1.08932e+10
        1.16955e+10 1.19072e+10 1.21380e+10 1.23793e+10 1.26392e+10 1.29453e+10
        1.32019e+10 1.35819e+10 1.38683e+10 1.42058e+10 1.45456e+10 1.49063e+10
        1.52248e+10 1.55448e+10 1.58341e+10 1.60405e+10 1.62118e+10 1.62969e+10
        1.61999e+10 1.60257e+10 1.56732e+10 1.51856e+10 1.45224e+10 1.36690e+10
        1.27463e+10 1.16594e+10 1.05925e+10 9.38749e+09 8.28958e+09 7.17515e+09
        6.16572e+09 5.22925e+09 4.37895e+09 3.63703e+09 2.98403e+09 2.42388e+09
        1.94786e+09 1.54196e+09 1.21070e+09 9.30001e+08 7.09648e+08 5.17933e+08
        3.84376e+08 2.64765e+08 1.91195e+08 1.24133e+08 8.52889e+07 5.83840e+07
        3.30047e+07 2.23030e+07 1.28711e+07 2.37726e+06 0.00000e+00
c
  si20  A 2.12 26i 2.39 13.35 54i 13.9
  sp20  0.00000e+00 3.72058e+06 4.90255e+07 9.24277e+07 8.41318e+07 6.86043e+07
        5.57912e+07 4.52397e+07 3.66798e+07 2.96545e+07 2.37929e+07 1.89919e+07
        1.50149e+07 1.17200e+07 9.03319e+06 6.82876e+06 5.03575e+06 3.60074e+06
        2.47919e+06 1.62382e+06 1.00280e+06 5.69127e+05 2.92558e+05 1.31696e+05
        4.97037e+04 1.72242e+04 1.22150e+03 0.00000e+00 0.00000e+00 1.97068e+08
        2.63388e+09 5.78274e+09 9.02793e+09 1.22950e+10 1.32955e+10 1.35738e+10
        1.38410e+10 1.41424e+10 1.44480e+10 1.48215e+10 1.51794e+10 1.55551e+10
        1.59097e+10 1.63997e+10 1.67696e+10 1.71341e+10 1.75251e+10 1.78414e+10
        1.81062e+10 1.82459e+10 1.82607e+10 1.81581e+10 1.78464e+10 1.73476e+10
        1.66229e+10 1.57193e+10 1.45942e+10 1.33803e+10 1.20624e+10 1.06847e+10
        9.34980e+09 8.03695e+09 6.83194e+09 5.73162e+09 4.73406e+09 3.86914e+09
        3.14815e+09 2.50727e+09 1.96903e+09 1.53700e+09 1.17605e+09 8.81480e+08
        6.46945e+08 4.67861e+08 3.21767e+08 2.24942e+08 1.46240e+08 9.62985e+07
        6.47700e+07 3.58704e+07 2.35658e+07 1.21420e+07 1.23454e+06 0.00000e+00
c
  si21  A 2.14 24i 2.39 13.39 51i 13.91
  sp21  0.00000e+00 5.93812e+06 5.51222e+07 9.89068e+07 8.90394e+07 7.12791e+07
        5.69597e+07 4.54978e+07 3.61550e+07 2.86561e+07 2.25501e+07 1.75927e+07
        1.35539e+07 1.02887e+07 7.63491e+06 5.52494e+06 3.86731e+06 2.58625e+06
        1.63034e+06 9.59158e+05 5.10741e+05 2.41003e+05 9.69132e+04 3.04066e+04
        6.85374e+03 0.00000e+00 0.00000e+00 1.42554e+08 2.62082e+09 6.01084e+09
        9.54715e+09 1.32160e+10 1.51704e+10 1.54671e+10 1.57899e+10 1.61641e+10
        1.65341e+10 1.69667e+10 1.74357e+10 1.78776e+10 1.83549e+10 1.88616e+10
        1.92658e+10 1.97960e+10 2.01097e+10 2.04112e+10 2.05867e+10 2.06000e+10
        2.03544e+10 1.99154e+10 1.92005e+10 1.82454e+10 1.69809e+10 1.55824e+10
        1.40418e+10 1.23712e+10 1.07489e+10 9.17910e+09 7.70861e+09 6.39591e+09
        5.21877e+09 4.19914e+09 3.33586e+09 2.62591e+09 2.01670e+09 1.53583e+09
        1.14151e+09 8.33065e+08 5.89260e+08 4.05864e+08 2.73172e+08 1.78215e+08
        1.12114e+08 7.37147e+07 3.99576e+07 2.53262e+07 1.13532e+07 5.98544e+05
        0.00000e+00
c
  si22  A 2.16 23i 2.4 13.43 48i 13.92
  sp22  0.00000e+00 5.50112e+06 5.56727e+07 1.03579e+08 9.66615e+07 7.56228e+07
        5.90858e+07 4.61330e+07 3.59135e+07 2.77512e+07 2.13085e+07 1.61440e+07
        1.20328e+07 8.77020e+06 6.21360e+06 4.22353e+06 2.74045e+06 1.65602e+06
        9.17861e+05 4.51642e+05 1.92057e+05 6.56414e+04 1.88296e+04 5.36686e+02
        0.00000e+00 0.00000e+00 1.27008e+06 1.86445e+09 5.54265e+09 9.36438e+09
        1.33581e+10 1.69088e+10 1.76824e+10 1.80861e+10 1.84830e+10 1.89845e+10
        1.95041e+10 2.00373e+10 2.06137e+10 2.11733e+10 2.17366e+10 2.23356e+10
        2.27058e+10 2.31817e+10 2.32860e+10 2.32784e+10 2.29669e+10 2.23255e+10
        2.13964e+10 2.00703e+10 1.84840e+10 1.66404e+10 1.46660e+10 1.26681e+10
        1.07197e+10 8.92881e+09 7.28021e+09 5.87390e+09 4.63776e+09 3.61907e+09
        2.76789e+09 2.09107e+09 1.54223e+09 1.11191e+09 7.78450e+08 5.31844e+08
        3.45883e+08 2.24819e+08 1.35240e+08 8.69172e+07 4.59809e+07 2.76011e+07
        1.07894e+07 2.78792e+05 0.00000e+00
c
  si23  A 2.18 21i 2.4 13.48 44i 13.93
  sp23  0.00000e+00 2.65656e+06 5.03479e+07 1.03986e+08 1.08478e+08 8.24481e+07
        6.25645e+07 4.74317e+07 3.59115e+07 2.69452e+07 2.00073e+07 1.46005e+07
        1.04058e+07 7.18653e+06 4.74233e+06 2.95707e+06 1.70351e+06 8.80295e+05
        3.94519e+05 1.45743e+05 4.03516e+04 6.62879e+03 0.00000e+00 0.00000e+00
        5.86448e+08 4.17818e+09 8.33249e+09 1.26834e+10 1.72366e+10 2.03002e+10
        2.07703e+10 2.12859e+10 2.19106e+10 2.24737e+10 2.31851e+10 2.38770e+10
        2.45184e+10 2.52283e+10 2.58798e+10 2.62386e+10 2.65453e+10 2.65381e+10
        2.61409e+10 2.52865e+10 2.40477e+10 2.22805e+10 2.01724e+10 1.78323e+10
        1.53371e+10 1.29274e+10 1.06059e+10 8.56639e+09 6.76716e+09 5.24772e+09
        3.99968e+09 2.97939e+09 2.19005e+09 1.56225e+09 1.08099e+09 7.25975e+08
        4.68411e+08 2.92990e+08 1.71596e+08 1.05487e+08 5.47869e+07 3.08582e+07
        1.06091e+07 1.19441e+05 0.00000e+00
c
  si24  A 2.2 20i 2.41 13.53 40i 13.94
  sp24  0.00000e+00 4.54114e+04 3.78920e+07 9.73475e+07 1.23940e+08 9.31597e+07
        6.80933e+07 4.97302e+07 3.62213e+07 2.61421e+07 1.85604e+07 1.28872e+07
        8.62572e+06 5.50777e+06 3.27723e+06 1.78047e+06 8.43634e+05 3.34887e+05
        1.02584e+05 2.31950e+04 3.52321e+02 0.00000e+00 0.00000e+00 1.72104e+09
        6.24041e+09 1.10063e+10 1.60273e+10 2.12586e+10 2.41422e+10 2.46977e+10
        2.54132e+10 2.61622e+10 2.69934e+10 2.78378e+10 2.86800e+10 2.94652e+10
        3.01068e+10 3.04794e+10 3.05500e+10 3.00820e+10 2.90396e+10 2.72963e+10
        2.50372e+10 2.22560e+10 1.92319e+10 1.60805e+10 1.30953e+10 1.04273e+10
        8.04420e+09 6.13135e+09 4.53618e+09 3.28810e+09 2.31811e+09 1.59464e+09
        1.05244e+09 6.64471e+08 4.04618e+08 2.32669e+08 1.33010e+08 6.84384e+07
        3.55589e+07 1.10279e+07 5.59283e+04 0.00000e+00
c
  si25  A 2.23 17i 2.41 13.57 37i 13.95
  sp25  0.00000e+00 1.91869e+07 8.48529e+07 1.33547e+08 1.11642e+08 7.69370e+07
        5.34208e+07 3.68989e+07 2.52754e+07 1.69004e+07 1.09041e+07 6.66580e+06
        3.76505e+06 1.89736e+06 8.10235e+05 2.74054e+05 6.58788e+04 8.14819e+03
        0.00000e+00 0.00000e+00 4.13756e+06 2.73313e+09 8.01422e+09 1.35637e+10
        1.94238e+10 2.56181e+10 2.90520e+10 2.98907e+10 3.07993e+10 3.17710e+10
        3.28766e+10 3.38847e+10 3.47773e+10 3.54309e+10 3.56456e+10 3.51501e+10
        3.38003e+10 3.17109e+10 2.85812e+10 2.49223e+10 2.09068e+10 1.69038e+10
        1.32261e+10 1.00542e+10 7.39710e+09 5.33103e+09 3.70406e+09 2.51443e+09
        1.63893e+09 1.01838e+09 6.01007e+08 3.35409e+08 1.78961e+08 9.06577e+07
        4.24484e+07 1.22666e+07 3.66597e+04 0.00000e+00
c
  si26  A 2.25 16i 2.42 13.62 33i 13.96
  sp26  0.00000e+00 3.02096e+06 6.31859e+07 1.25902e+08 1.42632e+08 9.26217e+07
        5.92808e+07 3.80729e+07 2.41210e+07 1.48224e+07 8.56265e+06 4.52698e+06
        2.08065e+06 7.74964e+05 2.11252e+05 3.61079e+04 4.55625e+02 0.00000e+00
        0.00000e+00 3.19061e+06 3.16973e+09 9.39846e+09 1.59768e+10 2.29992e+10
        3.04740e+10 3.58362e+10 3.69349e+10 3.81522e+10 3.94721e+10 4.07243e+10
        4.17164e+10 4.22494e+10 4.19296e+10 4.03759e+10 3.76212e+10 3.35062e+10
        2.84665e+10 2.30141e+10 1.78443e+10 1.32285e+10 9.45370e+09 6.53382e+09
        4.34116e+09 2.78785e+09 1.70512e+09 9.76924e+08 5.24883e+08 2.64112e+08
        1.27024e+08 5.41251e+07 1.48873e+07 4.31498e+04 0.00000e+00
c
  si27  A 2.28 13i 2.42 13.68 28i 13.97
  sp27  0.00000e+00 2.72028e+07 1.08029e+08 1.62027e+08 1.25183e+08 6.95453e+07
        3.97679e+07 2.24638e+07 1.20242e+07 5.81905e+06 2.37398e+06 7.33949e+05
        1.47588e+05 1.35074e+04 0.00000e+00 0.00000e+00 2.72394e+09 1.02335e+10
        1.82967e+10 2.69399e+10 3.63122e+10 4.49617e+10 4.72140e+10 4.87699e+10
        5.02405e+10 5.12970e+10 5.12997e+10 4.98877e+10 4.61668e+10 4.05831e+10
        3.35145e+10 2.58594e+10 1.87958e+10 1.29723e+10 8.53167e+09 5.35692e+09
        3.19660e+09 1.79228e+09 9.24149e+08 4.34969e+08 1.92304e+08 7.54132e+07
        1.96392e+07 9.11882e+04 0.00000e+00
c
  si28  A 2.3 12i 2.43 13.73 24i 13.98
  sp28  0.00000e+00 6.53444e+05 7.28795e+07 1.51483e+08 1.79894e+08 9.14260e+07
        4.20429e+07 1.95768e+07 8.31660e+06 2.87180e+06 6.84954e+05 8.68474e+04
        1.21801e+03 0.00000e+00 0.00000e+00 1.45379e+09 1.01907e+10 2.05196e+10
        3.17087e+10 4.39259e+10 5.72000e+10 6.35098e+10 6.48485e+10 6.54742e+10
        6.41178e+10 5.97497e+10 5.17526e+10 4.11311e+10 2.97722e+10 1.98644e+10
        1.22716e+10 7.12259e+09 3.84528e+09 1.90791e+09 8.45028e+08 3.34718e+08
        1.18089e+08 2.83764e+07 2.37422e+05 0.00000e+00
c
  si29  A 2.33 9i 2.43 13.78 20i 13.99
  sp29  0.00000e+00 1.55480e+07 1.29464e+08 1.92958e+08 1.62037e+08 4.50625e+07
        1.44580e+07 3.85469e+06 6.17713e+05 3.53928e+04 0.00000e+00 0.00000e+00
        9.46904e+07 8.42546e+09 2.27269e+10 3.82874e+10 5.54473e+10 7.43476e+10
        9.08101e+10 8.97971e+10 8.36180e+10 7.17566e+10 5.44096e+10 3.58803e+10
        2.07371e+10 1.07043e+10 5.01103e+09 2.07124e+09 7.30027e+08 2.17919e+08
        4.56853e+07 6.77790e+05 0.00000e+00
c
  si30  A 2.36 7i 2.44 13.84 15i 14.0
  sp30  0.00000e+00 6.00376e+07 1.90499e+08 2.25036e+08 7.54896e+07 6.51161e+06
        5.25729e+05 5.75515e+03 0.00000e+00 0.00000e+00 3.78770e+09 2.51279e+10
        4.97432e+10 7.66000e+10 1.04824e+11 1.30671e+11 1.22704e+11 8.44300e+10
        4.74282e+10 2.08648e+10 7.66047e+09 2.32685e+09 5.53466e+08 9.31407e+07
        2.07353e+06 0.00000e+00
c
  si31  A 2.39 4i 2.44 13.9 10i 14.01
  sp31  0.00000e+00 1.60573e+08 2.30164e+08 1.57644e+08 4.14805e+06 0.00000e+00
        0.00000e+00 2.77729e+10 7.87675e+10 1.22814e+11 1.52720e+11 1.68044e+11
        1.14316e+11 1.90926e+10 2.90738e+09 2.94763e+08 7.09598e+06 0.00000e+00
c
  si32  A 2.41 5i 2.47 13.95 7i 14.03
  sp32  0.00000e+00 7.65636e+07 2.28080e+08 1.69875e+08 7.11172e+07 2.04099e+06
        0.00000e+00 0.00000e+00 5.94810e+10 1.56843e+11 1.73227e+11 1.76209e+11
        9.96076e+10 2.57799e+10 3.68238e+09 0.00000e+00
c
  si33  A 2.43 6i 2.5 13.99 9i 14.09
  sp33  0.00000e+00 6.00747e+07 1.44012e+08 1.69396e+08 1.16038e+08 5.22023e+07
        2.16840e+06 0.00000e+00 0.00000e+00 7.69478e+10 1.50675e+11 1.69564e+11
        1.32955e+11 8.20664e+10 4.85691e+10 2.70346e+10 1.18248e+10 1.41987e+09
        0.00000e+00
c
  si34  A 2.44 8i 2.53 14.01 13i 14.15
  sp34  0.00000e+00 1.27531e+07 4.96060e+07 8.54282e+07 1.19866e+08 1.33356e+08
        9.28874e+07 4.44482e+07 3.11813e+06 0.00000e+00 0.00000e+00 3.25509e+09
        4.35082e+10 9.27768e+10 1.15925e+11 1.14481e+11 9.93739e+10 8.11686e+10
        5.97452e+10 4.20328e+10 2.80921e+10 1.68433e+10 7.47920e+09 6.97830e+08
        0.00000e+00
c
  si35  A 2.44 11i 2.56 14.02 18i 14.21
  sp35  0.00000e+00 7.19404e+04 4.92284e+06 1.99921e+07 3.87932e+07 5.86200e+07
        7.93223e+07 1.01135e+08 1.11745e+08 8.00084e+07 4.12048e+07 4.82256e+06
        0.00000e+00 0.00000e+00 1.21095e+07 1.70152e+09 1.18522e+10 3.33459e+10
        5.89657e+10 7.77021e+10 8.48867e+10 8.25181e+10 7.50545e+10 6.64043e+10
        5.85079e+10 5.07398e+10 3.92577e+10 2.88752e+10 1.99744e+10 1.22177e+10
        5.35042e+09 3.97739e+08 0.00000e+00
c
  si36  A 2.45 13i 2.59 14.03 23i 14.27
  sp36  0.00000e+00 1.79080e+05 2.85711e+06 1.00231e+07 2.00661e+07 3.15705e+07
        4.40464e+07 5.73956e+07 7.17579e+07 8.70840e+07 9.69419e+07 7.24103e+07
        4.00000e+07 7.26678e+06 0.00000e+00 0.00000e+00 7.88590e+05 1.98716e+08
        1.61477e+09 5.98487e+09 1.45746e+10 2.72974e+10 4.20125e+10 5.48570e+10
        6.28981e+10 6.55291e+10 6.37398e+10 5.96837e+10 5.47291e+10 4.98917e+10
        4.54967e+10 4.16280e+10 3.72989e+10 2.93917e+10 2.20740e+10 1.54749e+10
        9.49393e+09 4.08006e+09 2.36028e+08 0.00000e+00
c
  si37  A 2.45 16i 2.62 14.04 28i 14.33
  sp37  0.00000e+00 2.26986e+03 2.74849e+05 2.01236e+06 5.99464e+06 1.17884e+07
        1.87622e+07 2.65882e+07 3.51226e+07 4.43745e+07 5.43408e+07 6.49552e+07
        7.63181e+07 8.59410e+07 6.76534e+07 3.99395e+07 1.03933e+07 0.00000e+00
        0.00000e+00 1.39644e+04 5.82584e+07 4.16159e+08 1.52548e+09 3.99907e+09
        8.32606e+09 1.47301e+10 2.31054e+10 3.24359e+10 4.12698e+10 4.80084e+10
        5.18260e+10 5.28382e+10 5.15946e+10 4.91614e+10 4.60597e+10 4.29538e+10
        3.98468e+10 3.71178e+10 3.46464e+10 3.25257e+10 2.94816e+10 2.34516e+10
        1.77554e+10 1.25227e+10 7.67171e+09 3.16956e+09 1.27926e+08 0.00000e+00
c
  si38  A 2.46 19i 2.66 14.06 32i 14.39
  sp38  0.00000e+00 2.04944e+04 3.39356e+05 1.57153e+06 4.06036e+06 7.66871e+06
        1.21583e+07 1.73223e+07 2.30146e+07 2.92479e+07 3.59866e+07 4.32629e+07
        5.09880e+07 5.93007e+07 6.81365e+07 7.70135e+07 6.47369e+07 4.03729e+07
        1.40649e+07 3.54023e+03 0.00000e+00 0.00000e+00 2.52699e+07 1.68691e+08
        5.49919e+08 1.42394e+09 3.04242e+09 5.60583e+09 9.27173e+09 1.41316e+10
        2.00206e+10 2.64859e+10 3.26278e+10 3.79868e+10 4.17162e+10 4.35970e+10
        4.39820e+10 4.31594e+10 4.14745e+10 3.94907e+10 3.72727e+10 3.51614e+10
        3.31165e+10 3.12044e+10 2.95277e+10 2.80121e+10 2.66268e+10 2.42638e+10
        1.93643e+10 1.46951e+10 1.03382e+10 6.25496e+09 2.42150e+09 4.64232e+07
        0.00000e+00
c
  si39  A 2.46 22i 2.69 14.07 37i 14.45
  sp39  0.00000e+00 1.42559e+02 5.30114e+04 3.78234e+05 1.30278e+06 2.99725e+06
        5.42104e+06 8.47040e+06 1.20116e+07 1.60240e+07 2.03709e+07 2.51617e+07
        3.02815e+07 3.58145e+07 4.16977e+07 4.80204e+07 5.46705e+07 6.17893e+07
        6.93276e+07 6.30008e+07 4.10782e+07 1.75689e+07 5.49126e+05 0.00000e+00
        0.00000e+00 1.30420e+07 8.96270e+07 2.61195e+08 6.29413e+08 1.32855e+09
        2.48319e+09 4.17380e+09 6.51110e+09 9.57133e+09 1.33113e+10 1.76455e+10
        2.23632e+10 2.69368e+10 3.10580e+10 3.42385e+10 3.65016e+10 3.73208e+10
        3.74887e+10 3.68570e+10 3.57012e+10 3.42727e+10 3.27551e+10 3.11445e+10
        2.96167e+10 2.81238e+10 2.68563e+10 2.55956e+10 2.44110e+10 2.34426e+10
        2.24821e+10 2.04151e+10 1.62484e+10 1.22812e+10 8.59121e+09 5.05487e+09
        1.72272e+09 2.38760e+06 0.00000e+00
c
  si40  A 2.47 24i 2.72 14.08 41i 14.5
  sp40  0.00000e+00 6.04967e+03 8.83781e+04 4.01177e+05 1.12530e+06 2.35503e+06
        4.08105e+06 6.25210e+06 8.81334e+06 1.17049e+07 1.49060e+07 1.83994e+07
        2.21521e+07 2.62763e+07 3.05863e+07 3.52363e+07 4.01587e+07 4.54491e+07
        5.10176e+07 5.68528e+07 6.30978e+07 6.13683e+07 4.19022e+07 2.04210e+07
        1.84885e+06 0.00000e+00 0.00000e+00 7.29474e+06 5.54854e+07 1.48378e+08
        3.33322e+08 6.76024e+08 1.24902e+09 2.12151e+09 3.31694e+09 4.92123e+09
        7.00088e+09 9.52396e+09 1.24864e+10 1.58570e+10 1.93708e+10 2.28961e+10
        2.60933e+10 2.88616e+10 3.06796e+10 3.20902e+10 3.25781e+10 3.24325e+10
        3.20372e+10 3.11070e+10 3.00898e+10 2.89684e+10 2.77350e+10 2.65937e+10
        2.54412e+10 2.43691e+10 2.33521e+10 2.24659e+10 2.15511e+10 2.07886e+10
        2.00285e+10 1.93771e+10 1.72996e+10 1.37107e+10 1.02989e+10 7.03108e+09
        3.95495e+09 1.02727e+09 0.00000e+00
c
  si41  A 2.48 26i 2.75 14.09 46i 14.56
  sp41  0.00000e+00 2.05615e+04 1.21166e+05 4.13839e+05 9.99656e+05 1.94168e+06
        3.22867e+06 4.84152e+06 6.75534e+06 8.93065e+06 1.13511e+07 1.39891e+07
        1.68842e+07 1.99414e+07 2.32536e+07 2.68457e+07 3.05865e+07 3.45822e+07
        3.88273e+07 4.33406e+07 4.80732e+07 5.30414e+07 5.83083e+07 5.94114e+07
        4.26393e+07 2.27177e+07 3.54682e+06 0.00000e+00 0.00000e+00 4.43058e+06
        3.88254e+07 9.49065e+07 2.01243e+08 3.88159e+08 7.02607e+08 1.18313e+09
        1.86066e+09 2.76699e+09 3.94902e+09 5.41505e+09 7.20433e+09 9.34278e+09
        1.17458e+10 1.44110e+10 1.71740e+10 1.98713e+10 2.24393e+10 2.46646e+10
        2.64356e+10 2.76892e+10 2.84323e+10 2.85892e+10 2.85679e+10 2.80623e+10
        2.74642e+10 2.67028e+10 2.57115e+10 2.48621e+10 2.39159e+10 2.30070e+10
        2.21745e+10 2.13454e+10 2.05569e+10 1.98232e+10 1.91785e+10 1.85369e+10
        1.79893e+10 1.74027e+10 1.68958e+10 1.46669e+10 1.14730e+10 8.48184e+09
        5.62012e+09 2.86380e+09 4.42950e+08 0.00000e+00
c
  si42  A 2.48 29i 2.78 14.1 51i 14.62
  sp42  0.00000e+00 2.30121e+03 3.78661e+04 1.51946e+05 4.22109e+05 9.10151e+05
        1.65815e+06 2.65611e+06 3.90601e+06 5.38074e+06 7.06151e+06 8.94818e+06
        1.10084e+07 1.32551e+07 1.56792e+07 1.82607e+07 2.10856e+07 2.40011e+07
        2.71036e+07 3.04886e+07 3.39737e+07 3.77252e+07 4.16502e+07 4.57667e+07
        5.00672e+07 5.45856e+07 5.73268e+07 4.31557e+07 2.44318e+07 5.26927e+06
        0.00000e+00 0.00000e+00 2.90061e+06 2.91937e+07 6.59713e+07 1.35881e+08
        2.46634e+08 4.34308e+08 7.15569e+08 1.12652e+09 1.67843e+09 2.38485e+09
        3.28185e+09 4.39543e+09 5.74240e+09 7.28524e+09 9.10388e+09 1.10540e+10
        1.32288e+10 1.54112e+10 1.76160e+10 1.96712e+10 2.14959e+10 2.30052e+10
        2.41607e+10 2.49586e+10 2.53558e+10 2.54695e+10 2.52342e+10 2.48799e+10
        2.43929e+10 2.37456e+10 2.30516e+10 2.24057e+10 2.15208e+10 2.08736e+10
        2.01537e+10 1.94982e+10 1.88402e+10 1.82473e+10 1.76347e+10 1.71408e+10
        1.66438e+10 1.61405e+10 1.57188e+10 1.53378e+10 1.46905e+10 1.22563e+10
        9.49582e+09 6.79838e+09 4.21326e+09 1.75245e+09 5.97950e+07 0.00000e+00
c
  si43  A 2.49 31i 2.81 14.11 55i 14.67
  sp43  0.00000e+00 1.13007e+04 5.56290e+04 1.78888e+05 4.27678e+05 8.44830e+05
        1.45641e+06 2.25739e+06 3.24810e+06 4.42521e+06 5.77270e+06 7.26084e+06
        8.91259e+06 1.07220e+07 1.26540e+07 1.47505e+07 1.69429e+07 1.93489e+07
        2.18645e+07 2.45216e+07 2.74036e+07 3.03081e+07 3.35310e+07 3.68454e+07
        4.03212e+07 4.39313e+07 4.77892e+07 5.17677e+07 5.50789e+07 4.34292e+07
        2.54813e+07 6.69657e+06 0.00000e+00 0.00000e+00 2.11008e+06 2.30525e+07
        4.97532e+07 9.79008e+07 1.70049e+08 2.90490e+08 4.67979e+08 7.26546e+08
        1.07768e+09 1.54259e+09 2.10646e+09 2.82326e+09 3.69550e+09 4.72107e+09
        5.91461e+09 7.28574e+09 8.81515e+09 1.04821e+10 1.22547e+10 1.40526e+10
        1.58652e+10 1.74696e+10 1.89899e+10 2.02979e+10 2.13290e+10 2.20391e+10
        2.25629e+10 2.27178e+10 2.27399e+10 2.25721e+10 2.22171e+10 2.17590e+10
        2.12367e+10 2.06969e+10 2.01333e+10 1.94971e+10 1.89303e+10 1.83934e+10
        1.77756e+10 1.72494e+10 1.67297e+10 1.62670e+10 1.57943e+10 1.53617e+10
        1.49678e+10 1.45820e+10 1.42231e+10 1.38853e+10 1.35454e+10 1.25722e+10
        1.00607e+10 7.54711e+09 5.15508e+09 2.83847e+09 6.42081e+08 0.00000e+00
c
  si44  A 2.49 34i 2.84 14.12 60i 14.73
  sp44  0.00000e+00 1.15824e+03 2.30230e+04 7.63960e+04 2.02442e+05 4.32508e+05
        7.96795e+05 1.30853e+06 1.97040e+06 2.78019e+06 3.73743e+06 4.83519e+06
        6.06142e+06 7.41165e+06 8.86538e+06 1.04622e+07 1.21685e+07 1.39982e+07
        1.59315e+07 1.80153e+07 2.02014e+07 2.25383e+07 2.49885e+07 2.75332e+07
        3.02829e+07 3.31329e+07 3.61962e+07 3.92919e+07 4.26020e+07 4.59816e+07
        4.96024e+07 5.29244e+07 4.32815e+07 2.58269e+07 7.45861e+06 0.00000e+00
        0.00000e+00 1.72379e+06 1.91212e+07 4.00868e+07 7.29344e+07 1.27799e+08
        2.03651e+08 3.27596e+08 4.97410e+08 7.33762e+08 1.04053e+09 1.43435e+09
        1.90908e+09 2.48776e+09 3.18878e+09 4.01028e+09 4.94953e+09 6.02951e+09
        7.23701e+09 8.55147e+09 9.95772e+09 1.14418e+10 1.29177e+10 1.43828e+10
        1.57536e+10 1.70481e+10 1.80574e+10 1.90082e+10 1.96497e+10 2.01639e+10
        2.04085e+10 2.04673e+10 2.03996e+10 2.02100e+10 1.99205e+10 1.95217e+10
        1.90984e+10 1.86510e+10 1.81194e+10 1.77303e+10 1.71206e+10 1.67157e+10
        1.62929e+10 1.57580e+10 1.53286e+10 1.49265e+10 1.45465e+10 1.41829e+10
        1.38197e+10 1.34949e+10 1.31664e+10 1.28772e+10 1.25853e+10 1.23339e+10
        1.20191e+10 1.02682e+10 7.93645e+09 5.68201e+09 3.50578e+09 1.39786e+09
        2.99984e+07 0.00000e+00
c
  si45  A 2.5 36i 2.87 14.13 64i 14.78
  sp45  0.00000e+00 7.55180e+03 3.29274e+04 9.75810e+04 2.24583e+05 4.38737e+05
        7.60398e+05 1.19930e+06 1.75853e+06 2.43822e+06 3.23385e+06 4.14361e+06
        5.16045e+06 6.29185e+06 7.50241e+06 8.82456e+06 1.02579e+07 1.17808e+07
        1.34023e+07 1.51321e+07 1.69604e+07 1.89154e+07 2.09500e+07 2.31096e+07
        2.53961e+07 2.77832e+07 3.02566e+07 3.29360e+07 3.56338e+07 3.85668e+07
        4.15322e+07 4.46688e+07 4.78553e+07 5.11467e+07 4.24477e+07 2.53042e+07
        7.29734e+06 0.00000e+00 0.00000e+00 1.59840e+06 1.66048e+07 3.38689e+07
        5.68317e+07 1.00908e+08 1.51495e+08 2.42415e+08 3.57622e+08 5.25481e+08
        7.39445e+08 1.01261e+09 1.34947e+09 1.75845e+09 2.24030e+09 2.81668e+09
        3.49375e+09 4.24540e+09 5.13233e+09 6.08383e+09 7.14695e+09 8.29823e+09
        9.51051e+09 1.07271e+10 1.19938e+10 1.31788e+10 1.43204e+10 1.54078e+10
        1.63168e+10 1.70272e+10 1.76531e+10 1.80981e+10 1.83748e+10 1.85017e+10
        1.84938e+10 1.83399e+10 1.81777e+10 1.78918e+10 1.75411e+10 1.72306e+10
        1.68117e+10 1.64139e+10 1.59993e+10 1.55987e+10 1.51971e+10 1.48009e+10
        1.44396e+10 1.40690e+10 1.36370e+10 1.33673e+10 1.30600e+10 1.27286e+10
        1.24612e+10 1.21686e+10 1.19122e+10 1.16681e+10 1.14353e+10 1.12025e+10
        1.10112e+10 1.01220e+10 7.97121e+09 5.86431e+09 3.81377e+09 1.82841e+09
        1.89307e+08 0.00000e+00
c
  si46  A 2.5 39i 2.9 14.14 68i 14.83
  sp46  0.00000e+00 8.61201e+02 1.69058e+04 4.59423e+04 1.17177e+05 2.44888e+05
        4.45864e+05 7.33799e+05 1.11779e+06 1.59736e+06 2.18029e+06 2.85386e+06
        3.61968e+06 4.48698e+06 5.43273e+06 6.47779e+06 7.59252e+06 8.79527e+06
        1.00945e+07 1.14651e+07 1.29189e+07 1.44972e+07 1.61137e+07 1.78649e+07
        1.96963e+07 2.16256e+07 2.36570e+07 2.57390e+07 2.80139e+07 3.03396e+07
        3.27764e+07 3.53860e+07 3.80161e+07 4.07763e+07 4.36218e+07 4.66387e+07
        4.95566e+07 4.07807e+07 2.37723e+07 6.06536e+06 0.00000e+00 0.00000e+00
        1.69041e+06 1.50887e+07 2.94763e+07 4.63584e+07 8.16546e+07 1.20215e+08
        1.83906e+08 2.73336e+08 3.88973e+08 5.48850e+08 7.43598e+08 9.90421e+08
        1.28970e+09 1.63672e+09 2.05003e+09 2.53957e+09 3.09730e+09 3.74111e+09
        4.45605e+09 5.22610e+09 6.11729e+09 7.06262e+09 8.04080e+09 9.07959e+09
        1.01527e+10 1.11794e+10 1.21946e+10 1.31647e+10 1.40018e+10 1.47913e+10
        1.54339e+10 1.59843e+10 1.63112e+10 1.66173e+10 1.67380e+10 1.67345e+10
        1.66941e+10 1.65709e+10 1.63646e+10 1.61237e+10 1.58165e+10 1.55015e+10
        1.51752e+10 1.48305e+10 1.44799e+10 1.41545e+10 1.38005e+10 1.34755e+10
        1.31658e+10 1.28437e+10 1.25218e+10 1.22806e+10 1.19301e+10 1.17313e+10
        1.14634e+10 1.12139e+10 1.09910e+10 1.07824e+10 1.05699e+10 1.03665e+10
        1.01870e+10 1.00107e+10 9.54732e+09 7.70776e+09 5.72223e+09 3.80070e+09
        1.92456e+09 2.77544e+08 0.00000e+00
c
  si47  A 2.51 41i 2.93 14.15 72i 14.88
  sp47  0.00000e+00 6.19961e+03 2.39630e+04 6.34500e+04 1.37138e+05 2.63094e+05
        4.53036e+05 7.16307e+05 1.05540e+06 1.47555e+06 1.97762e+06 2.56356e+06
        3.22326e+06 3.96045e+06 4.77857e+06 5.66887e+06 6.63320e+06 7.66440e+06
        8.77056e+06 9.95342e+06 1.12298e+07 1.25369e+07 1.39682e+07 1.54296e+07
        1.70229e+07 1.86598e+07 2.04360e+07 2.22356e+07 2.41566e+07 2.61715e+07
        2.82819e+07 3.04644e+07 3.27405e+07 3.51628e+07 3.76756e+07 4.01615e+07
        4.28853e+07 4.56426e+07 4.81684e+07 3.80724e+07 2.09448e+07 3.95822e+06
        0.00000e+00 0.00000e+00 2.00383e+06 1.41832e+07 2.62129e+07 3.93356e+07
        6.79025e+07 1.00115e+08 1.43769e+08 2.17737e+08 2.99745e+08 4.23280e+08
        5.65749e+08 7.51993e+08 9.74676e+08 1.23890e+09 1.54523e+09 1.90815e+09
        2.32236e+09 2.80951e+09 3.33296e+09 3.94460e+09 4.59870e+09 5.33611e+09
        6.11208e+09 6.93422e+09 7.82776e+09 8.72251e+09 9.58872e+09 1.04934e+10
        1.13336e+10 1.21408e+10 1.28649e+10 1.35031e+10 1.40452e+10 1.44971e+10
        1.47991e+10 1.50754e+10 1.51886e+10 1.51611e+10 1.51746e+10 1.51520e+10
        1.48945e+10 1.47456e+10 1.45092e+10 1.42483e+10 1.39788e+10 1.37003e+10
        1.34074e+10 1.31061e+10 1.28086e+10 1.25329e+10 1.22498e+10 1.19651e+10
        1.17074e+10 1.14662e+10 1.11913e+10 1.10040e+10 1.06821e+10 1.05616e+10
        1.02553e+10 1.01524e+10 9.87421e+09 9.77412e+09 9.56110e+09 9.39848e+09
        9.24779e+09 9.09580e+09 8.77511e+09 7.14467e+09 5.28583e+09 3.47507e+09
        1.70943e+09 2.08718e+08 0.00000e+00
c
  si48  A 2.51 44i 2.96 14.16 76i 14.93
  sp48  0.00000e+00 1.00195e+03 1.40071e+04 3.22566e+04 8.04535e+04 1.59244e+05
        2.81216e+05 4.60854e+05 7.02681e+05 1.00880e+06 1.38207e+06 1.82160e+06
        2.33241e+06 2.91388e+06 3.55023e+06 4.26547e+06 5.03447e+06 5.86476e+06
        6.76247e+06 7.74205e+06 8.75171e+06 9.85138e+06 1.10078e+07 1.22230e+07
        1.35055e+07 1.49041e+07 1.63448e+07 1.78234e+07 1.94087e+07 2.11005e+07
        2.28440e+07 2.46127e+07 2.66127e+07 2.85440e+07 3.06376e+07 3.28334e+07
        3.50461e+07 3.73588e+07 3.98043e+07 4.22717e+07 4.49566e+07 4.64265e+07
        3.39566e+07 1.65674e+07 1.53694e+06 0.00000e+00 0.00000e+00 2.60808e+06
        1.37185e+07 2.37600e+07 3.43670e+07 5.80796e+07 8.57675e+07 1.17232e+08
        1.77209e+08 2.42131e+08 3.32675e+08 4.49501e+08 5.83761e+08 7.64993e+08
        9.58687e+08 1.20300e+09 1.47237e+09 1.79416e+09 2.15525e+09 2.57077e+09
        3.03939e+09 3.54773e+09 4.09938e+09 4.73076e+09 5.37793e+09 6.10695e+09
        6.82231e+09 7.59279e+09 8.36871e+09 9.10964e+09 9.86701e+09 1.05922e+10
        1.12572e+10 1.18674e+10 1.23743e+10 1.28385e+10 1.31975e+10 1.34859e+10
        1.36842e+10 1.37581e+10 1.38275e+10 1.38413e+10 1.36989e+10 1.36127e+10
        1.35039e+10 1.32258e+10 1.30610e+10 1.28371e+10 1.25970e+10 1.23480e+10
        1.21006e+10 1.18399e+10 1.15712e+10 1.13458e+10 1.11128e+10 1.08749e+10
        1.06445e+10 1.04182e+10 1.02157e+10 9.99972e+09 9.81365e+09 9.61718e+09
        9.42351e+09 9.28246e+09 9.10013e+09 8.93086e+09 8.82344e+09 8.61396e+09
        8.51644e+09 8.38287e+09 8.25036e+09 7.90781e+09 6.32893e+09 4.57852e+09
        2.86894e+09 1.20891e+09 4.53507e+07 0.00000e+00
c
  si49  A 2.52 46i 2.99 14.17 79i 14.97
  sp49  0.00000e+00 6.14302e+03 1.96912e+04 4.60303e+04 9.54196e+04 1.80607e+05
        3.01537e+05 4.69248e+05 6.94145e+05 9.71362e+05 1.30813e+06 1.70064e+06
        2.14785e+06 2.66330e+06 3.22366e+06 3.84974e+06 4.52561e+06 5.25953e+06
        6.04474e+06 6.89365e+06 7.77228e+06 8.74358e+06 9.77009e+06 1.08203e+07
        1.19713e+07 1.31550e+07 1.44204e+07 1.57270e+07 1.71569e+07 1.85885e+07
        2.00980e+07 2.16803e+07 2.33837e+07 2.51422e+07 2.69819e+07 2.88711e+07
        3.08498e+07 3.28683e+07 3.49990e+07 3.72490e+07 3.94308e+07 4.19870e+07
        4.42104e+07 4.35812e+07 2.80854e+07 1.02484e+07 2.92950e+04 0.00000e+00
        0.00000e+00 3.55448e+06 1.34215e+07 2.19434e+07 3.07588e+07 5.10468e+07
        7.48334e+07 9.94663e+07 1.47158e+08 2.02571e+08 2.68349e+08 3.66816e+08
        4.70964e+08 6.10412e+08 7.68240e+08 9.54183e+08 1.17309e+09 1.41475e+09
        1.70276e+09 2.02386e+09 2.38977e+09 2.79674e+09 3.23442e+09 3.72011e+09
        4.25415e+09 4.80785e+09 5.42373e+09 6.04322e+09 6.70612e+09 7.37806e+09
        8.01538e+09 8.69000e+09 9.32041e+09 9.92866e+09 1.04367e+10 1.09923e+10
        1.13538e+10 1.17615e+10 1.20615e+10 1.22936e+10 1.24299e+10 1.25408e+10
        1.25521e+10 1.25374e+10 1.25108e+10 1.23888e+10 1.22978e+10 1.20643e+10
        1.19044e+10 1.17494e+10 1.15554e+10 1.13001e+10 1.11087e+10 1.08905e+10
        1.06656e+10 1.04426e+10 1.02557e+10 1.00385e+10 9.83694e+09 9.65728e+09
        9.46892e+09 9.25106e+09 9.10248e+09 8.92885e+09 8.76032e+09 8.60807e+09
        8.45932e+09 8.31548e+09 8.19763e+09 8.02509e+09 7.90862e+09 7.80711e+09
        7.68431e+09 7.58057e+09 7.47532e+09 6.89091e+09 5.25332e+09 3.61967e+09
        2.00478e+09 4.75310e+08 0.00000e+00
c
  si50  A 2.52 48i 3.01 14.17 84i 15.02
  sp50  0.00000e+00 1.60099e+03 1.26661e+04 2.56619e+04 6.18143e+04 1.13868e+05
        1.98417e+05 3.21364e+05 4.81175e+05 6.88399e+05 9.42480e+05 1.24701e+06
        1.60008e+06 2.00422e+06 2.45801e+06 2.95856e+06 3.50957e+06 4.11247e+06
        4.75231e+06 5.45901e+06 6.19752e+06 6.98476e+06 7.84175e+06 8.71562e+06
        9.67711e+06 1.06900e+07 1.17416e+07 1.28356e+07 1.39987e+07 1.52375e+07
        1.65370e+07 1.78602e+07 1.92612e+07 2.07315e+07 2.22823e+07 2.39129e+07
        2.55896e+07 2.73270e+07 2.91474e+07 3.10225e+07 3.29850e+07 3.50178e+07
        3.71072e+07 3.92497e+07 4.14675e+07 4.38769e+07 3.76495e+07 2.01093e+07
        3.23666e+06 0.00000e+00 0.00000e+00 2.46258e+04 4.83446e+06 1.32397e+07
        2.04905e+07 2.80911e+07 4.59852e+07 6.67167e+07 8.65318e+07 1.25131e+08
        1.73827e+08 2.23643e+08 3.04993e+08 3.90354e+08 4.97015e+08 6.32577e+08
        7.74486e+08 9.58008e+08 1.14317e+09 1.37653e+09 1.62977e+09 1.91926e+09
        2.24350e+09 2.60382e+09 2.97430e+09 3.40755e+09 3.88061e+09 4.35794e+09
        4.87961e+09 5.42783e+09 5.97145e+09 6.57209e+09 7.12966e+09 7.71524e+09
        8.25337e+09 8.80670e+09 9.27981e+09 9.74528e+09 1.01262e+10 1.05430e+10
        1.07759e+10 1.10098e+10 1.12024e+10 1.13119e+10 1.13829e+10 1.14021e+10
        1.14098e+10 1.13345e+10 1.12687e+10 1.11192e+10 1.10095e+10 1.08333e+10
        1.06881e+10 1.05380e+10 1.02995e+10 1.01875e+10 9.91868e+09 9.79181e+09
        9.56865e+09 9.41067e+09 9.21200e+09 9.05490e+09 8.86964e+09 8.71678e+09
        8.54178e+09 8.38098e+09 8.24519e+09 8.08821e+09 7.95108e+09 7.81853e+09
        7.68663e+09 7.56506e+09 7.45046e+09 7.32453e+09 7.22058e+09 7.11617e+09
        7.01652e+09 6.90695e+09 6.82189e+09 6.69296e+09 5.57717e+09 3.94039e+09
        2.42272e+09 9.05194e+08 8.11716e+06 0.00000e+00
c
  si51  A 2.52 50i 3.03 14.18 87i 15.06
  sp51  0.00000e+00 7.92177e+01 6.90395e+03 1.72403e+04 3.72233e+04 7.41620e+04
        1.35391e+05 2.17171e+05 3.37729e+05 4.94666e+05 6.87047e+05 9.18902e+05
        1.19876e+06 1.52070e+06 1.88400e+06 2.28719e+06 2.74015e+06 3.22375e+06
        3.76178e+06 4.34424e+06 4.95366e+06 5.62058e+06 6.33202e+06 7.06732e+06
        7.87339e+06 8.70771e+06 9.59317e+06 1.05356e+07 1.15336e+07 1.25449e+07
        1.36290e+07 1.47744e+07 1.59760e+07 1.72083e+07 1.85107e+07 1.99018e+07
        2.13075e+07 2.28374e+07 2.43549e+07 2.59842e+07 2.76538e+07 2.93908e+07
        3.11777e+07 3.30645e+07 3.49872e+07 3.69918e+07 3.90434e+07 4.12092e+07
        4.17837e+07 2.77353e+07 9.44159e+06 0.00000e+00 0.00000e+00 2.89199e+05
        6.20348e+06 1.31892e+07 1.93247e+07 2.61481e+07 4.24915e+07 6.02089e+07
        7.68677e+07 1.09004e+08 1.51969e+08 1.91893e+08 2.57643e+08 3.33561e+08
        4.14342e+08 5.30815e+08 6.42927e+08 7.89570e+08 9.52356e+08 1.12647e+09
        1.34771e+09 1.56833e+09 1.84223e+09 2.11071e+09 2.44431e+09 2.77757e+09
        3.16324e+09 3.55874e+09 3.98820e+09 4.43376e+09 4.92348e+09 5.39522e+09
        5.90262e+09 6.40291e+09 6.89246e+09 7.39604e+09 7.83343e+09 8.29855e+09
        8.67482e+09 9.07974e+09 9.38409e+09 9.66664e+09 9.88982e+09 1.00535e+10
        1.02168e+10 1.02818e+10 1.03259e+10 1.03359e+10 1.03712e+10 1.02354e+10
        1.01964e+10 1.00718e+10 9.96783e+09 9.83867e+09 9.68246e+09 9.53111e+09
        9.38343e+09 9.21335e+09 9.04915e+09 8.91175e+09 8.74573e+09 8.57936e+09
        8.40531e+09 8.25654e+09 8.11506e+09 7.96204e+09 7.83535e+09 7.68997e+09
        7.53295e+09 7.42358e+09 7.29693e+09 7.19304e+09 7.04531e+09 6.96469e+09
        6.84642e+09 6.74001e+09 6.64708e+09 6.54489e+09 6.45710e+09 6.36988e+09
        6.28345e+09 6.20463e+09 6.12021e+09 5.46869e+09 3.94413e+09 2.45803e+09
        9.95680e+08 2.82930e+07 0.00000e+00
c
  si52  A 2.53 52i 3.06 14.19 90i 15.1
  sp52  0.00000e+00 2.74772e+03 1.20941e+04 2.23759e+04 5.13696e+04 8.91210e+04
        1.53532e+05 2.39880e+05 3.53042e+05 5.04850e+05 6.88501e+05 9.01601e+05
        1.15614e+06 1.44918e+06 1.78116e+06 2.14656e+06 2.54988e+06 2.99028e+06
        3.46725e+06 3.98622e+06 4.53381e+06 5.13058e+06 5.76005e+06 6.42047e+06
        7.13319e+06 7.89001e+06 8.67443e+06 9.51009e+06 1.04004e+07 1.13067e+07
        1.22591e+07 1.32720e+07 1.43624e+07 1.54527e+07 1.66183e+07 1.78220e+07
        1.91150e+07 2.04312e+07 2.18296e+07 2.32214e+07 2.47822e+07 2.62913e+07
        2.79070e+07 2.95381e+07 3.12950e+07 3.31067e+07 3.49308e+07 3.68144e+07
        3.88180e+07 4.08588e+07 3.30634e+07 1.47869e+07 7.26101e+05 0.00000e+00
        0.00000e+00 1.04811e+06 7.40855e+06 1.31174e+07 1.83152e+07 2.48522e+07
        4.00491e+07 5.50314e+07 6.96460e+07 9.73728e+07 1.34189e+08 1.68565e+08
        2.22650e+08 2.88806e+08 3.54152e+08 4.49807e+08 5.49594e+08 6.63268e+08
        8.04993e+08 9.43563e+08 1.12425e+09 1.30883e+09 1.52536e+09 1.76389e+09
        2.02043e+09 2.30760e+09 2.61286e+09 2.95063e+09 3.29433e+09 3.68175e+09
        4.06763e+09 4.48824e+09 4.92056e+09 5.34765e+09 5.77841e+09 6.21806e+09
        6.63232e+09 7.05231e+09 7.43954e+09 7.77028e+09 8.13139e+09 8.42457e+09
        8.63988e+09 8.87664e+09 9.04884e+09 9.18090e+09 9.26377e+09 9.32951e+09
        9.35967e+09 9.31897e+09 9.34190e+09 9.24237e+09 9.18906e+09 9.10492e+09
        8.97605e+09 8.85153e+09 8.73876e+09 8.60188e+09 8.46754e+09 8.33764e+09
        8.17994e+09 8.06408e+09 7.88862e+09 7.76843e+09 7.66094e+09 7.46528e+09
        7.38857e+09 7.22365e+09 7.10777e+09 6.99522e+09 6.88480e+09 6.75198e+09
        6.65154e+09 6.54403e+09 6.45068e+09 6.33151e+09 6.25601e+09 6.15847e+09
        6.06586e+09 5.99597e+09 5.89832e+09 5.82380e+09 5.75040e+09 5.67521e+09
        5.60898e+09 5.54226e+09 5.01651e+09 3.57618e+09 2.15393e+09 7.44293e+08
        1.20546e+06 0.00000e+00
c
  si53  A 2.53 54i 3.08 14.2 92i 15.13
  sp53  0.00000e+00 6.56990e+02 7.88341e+03 1.56176e+04 3.32004e+04 6.19251e+04
        1.09009e+05 1.68909e+05 2.61597e+05 3.71548e+05 5.12484e+05 6.88566e+05
        8.88102e+05 1.12213e+06 1.38693e+06 1.69007e+06 2.02428e+06 2.38473e+06
        2.78353e+06 3.20812e+06 3.67952e+06 4.17017e+06 4.69892e+06 5.26021e+06
        5.86942e+06 6.48570e+06 7.16456e+06 7.87403e+06 8.61073e+06 9.40489e+06
        1.02275e+07 1.10697e+07 1.19945e+07 1.29314e+07 1.39042e+07 1.49793e+07
        1.60343e+07 1.71601e+07 1.83370e+07 1.95854e+07 2.08962e+07 2.22217e+07
        2.35703e+07 2.50195e+07 2.64959e+07 2.80589e+07 2.96560e+07 3.12762e+07
        3.30025e+07 3.47709e+07 3.66312e+07 3.84785e+07 3.51924e+07 1.75242e+07
        1.61984e+06 0.00000e+00 0.00000e+00 2.51267e+06 8.22922e+06 1.30501e+07
        1.74922e+07 2.41030e+07 3.82007e+07 5.08652e+07 6.36296e+07 8.87782e+07
        1.20673e+08 1.50556e+08 1.95346e+08 2.54454e+08 3.09038e+08 3.87096e+08
        4.77526e+08 5.65347e+08 6.89831e+08 8.07044e+08 9.50158e+08 1.11590e+09
        1.28024e+09 1.49307e+09 1.69426e+09 1.94212e+09 2.18753e+09 2.46772e+09
        2.76754e+09 3.08232e+09 3.41626e+09 3.76604e+09 4.11608e+09 4.50526e+09
        4.87214e+09 5.25558e+09 5.62125e+09 5.99645e+09 6.35434e+09 6.68564e+09
        7.00518e+09 7.27978e+09 7.54844e+09 7.76696e+09 7.94717e+09 8.13774e+09
        8.22573e+09 8.31896e+09 8.38595e+09 8.42149e+09 8.41042e+09 8.40744e+09
        8.36527e+09 8.30607e+09 8.24524e+09 8.13052e+09 8.02177e+09 7.97481e+09
        7.81508e+09 7.70878e+09 7.60266e+09 7.47588e+09 7.34493e+09 7.23046e+09
        7.09971e+09 6.98752e+09 6.86679e+09 6.75227e+09 6.63701e+09 6.54311e+09
        6.40636e+09 6.30225e+09 6.20799e+09 6.11671e+09 6.00812e+09 5.91343e+09
        5.84109e+09 5.74212e+09 5.66534e+09 5.57821e+09 5.50678e+09 5.42010e+09
        5.36457e+09 5.27889e+09 5.22030e+09 5.15685e+09 5.09425e+09 5.03387e+09
        4.97301e+09 4.28756e+09 2.89292e+09 1.51318e+09 2.58034e+08 0.00000e+00
c
  si54  A 2.53 56i 3.1 14.2 95i 15.16
  sp54  0.00000e+00 1.54547e+01 4.49170e+03 1.17008e+04 2.10820e+04 4.52672e+04
        7.48577e+04 1.25993e+05 1.89787e+05 2.75468e+05 3.90783e+05 5.23305e+05
        6.82673e+05 8.75970e+05 1.08966e+06 1.33273e+06 1.60641e+06 1.90986e+06
        2.23818e+06 2.59748e+06 2.98166e+06 3.39689e+06 3.84864e+06 4.31954e+06
        4.82252e+06 5.35745e+06 5.92578e+06 6.52338e+06 7.15481e+06 7.81002e+06
        8.54296e+06 9.23588e+06 1.00216e+07 1.08411e+07 1.16698e+07 1.25598e+07
        1.34804e+07 1.44246e+07 1.54780e+07 1.64706e+07 1.75977e+07 1.87592e+07
        1.99398e+07 2.11824e+07 2.24607e+07 2.37805e+07 2.51585e+07 2.65687e+07
        2.80433e+07 2.96294e+07 3.11242e+07 3.28229e+07 3.44892e+07 3.62204e+07
        3.44445e+07 1.74120e+07 1.48002e+06 0.00000e+00 0.00000e+00 1.63624e+05
        4.27727e+06 8.85562e+06 1.28654e+07 1.66152e+07 2.43088e+07 3.64983e+07
        4.74646e+07 5.86922e+07 8.27388e+07 1.09978e+08 1.35687e+08 1.75687e+08
        2.25916e+08 2.73087e+08 3.39430e+08 4.18148e+08 4.91173e+08 5.97924e+08
        6.99489e+08 8.10592e+08 9.59770e+08 1.09625e+09 1.27303e+09 1.44455e+09
        1.64370e+09 1.86493e+09 2.08885e+09 2.34218e+09 2.60020e+09 2.89453e+09
        3.17804e+09 3.48991e+09 3.80832e+09 4.13715e+09 4.45617e+09 4.78834e+09
        5.11466e+09 5.42516e+09 5.74150e+09 6.03258e+09 6.28566e+09 6.55703e+09
        6.75017e+09 6.95587e+09 7.11800e+09 7.26342e+09 7.37348e+09 7.45391e+09
        7.52639e+09 7.50788e+09 7.55306e+09 7.53492e+09 7.48926e+09 7.46491e+09
        7.40172e+09 7.32555e+09 7.24060e+09 7.15892e+09 7.05586e+09 6.96056e+09
        6.86456e+09 6.77013e+09 6.64755e+09 6.53815e+09 6.42375e+09 6.33792e+09
        6.22409e+09 6.12481e+09 6.02577e+09 5.92345e+09 5.83774e+09 5.73553e+09
        5.65103e+09 5.54888e+09 5.46514e+09 5.38373e+09 5.31595e+09 5.23244e+09
        5.14759e+09 5.08404e+09 5.01150e+09 4.94747e+09 4.87476e+09 4.81892e+09
        4.75372e+09 4.69614e+09 4.64259e+09 4.58555e+09 4.53285e+09 4.47620e+09
        4.33897e+09 3.23842e+09 1.88140e+09 5.75774e+08 0.00000e+00
c
  si55  A 2.54 57i 3.12 14.21 97i 15.19
  sp55  0.00000e+00 2.07984e+03 8.53357e+03 1.44525e+04 3.18431e+04 5.38078e+04
        9.27118e+04 1.38851e+05 2.11152e+05 2.92626e+05 4.01591e+05 5.33231e+05
        6.79062e+05 8.55443e+05 1.06043e+06 1.28056e+06 1.52764e+06 1.80001e+06
        2.10044e+06 2.42462e+06 2.77300e+06 3.14585e+06 3.54248e+06 3.97054e+06
        4.42160e+06 4.89627e+06 5.40738e+06 5.94607e+06 6.50411e+06 7.09214e+06
        7.71871e+06 8.37478e+06 9.05636e+06 9.78508e+06 1.05359e+07 1.13106e+07
        1.21342e+07 1.29946e+07 1.38814e+07 1.48315e+07 1.57915e+07 1.68199e+07
        1.79073e+07 1.89771e+07 2.01248e+07 2.13128e+07 2.25324e+07 2.38093e+07
        2.51143e+07 2.64612e+07 2.78611e+07 2.93113e+07 3.08600e+07 3.23934e+07
        3.39907e+07 3.17866e+07 1.40985e+07 4.24921e+05 0.00000e+00 0.00000e+00
        1.19171e+06 5.56594e+06 9.24888e+06 1.26012e+07 1.59860e+07 2.48954e+07
        3.49650e+07 4.43613e+07 5.48461e+07 7.82404e+07 1.00959e+08 1.23180e+08
        1.60097e+08 2.03595e+08 2.43679e+08 3.01095e+08 3.70606e+08 4.32945e+08
        5.21461e+08 6.13197e+08 7.02853e+08 8.32903e+08 9.47402e+08 1.09045e+09
        1.25390e+09 1.40232e+09 1.59990e+09 1.77933e+09 2.00739e+09 2.21499e+09
        2.46766e+09 2.70035e+09 2.97384e+09 3.24216e+09 3.51942e+09 3.80627e+09
        4.08465e+09 4.35874e+09 4.66292e+09 4.91597e+09 5.18168e+09 5.42889e+09
        5.64360e+09 5.86126e+09 6.05671e+09 6.21250e+09 6.35068e+09 6.47501e+09
        6.56668e+09 6.62686e+09 6.69900e+09 6.68159e+09 6.71809e+09 6.69331e+09
        6.67851e+09 6.63567e+09 6.60104e+09 6.53550e+09 6.45452e+09 6.36711e+09
        6.31178e+09 6.22357e+09 6.14193e+09 6.03481e+09 5.94893e+09 5.85979e+09
        5.77079e+09 5.66535e+09 5.57798e+09 5.49660e+09 5.41147e+09 5.33317e+09
        5.23157e+09 5.15926e+09 5.08021e+09 4.99199e+09 4.92312e+09 4.83795e+09
        4.77821e+09 4.70598e+09 4.64166e+09 4.57816e+09 4.51327e+09 4.45689e+09
        4.39118e+09 4.34009e+09 4.28473e+09 4.24654e+09 4.16407e+09 4.13535e+09
        4.08972e+09 4.03629e+09 3.99987e+09 3.94948e+09 3.19187e+09 1.88362e+09
        5.99219e+08 0.00000e+00
c
  si56  A 2.54 58i 3.13 14.21 100i 15.22
  sp56  0.00000e+00 7.55467e+02 5.99167e+03 1.11511e+04 2.13946e+04 4.09310e+04
        6.62928e+04 1.06090e+05 1.57318e+05 2.22708e+05 3.12006e+05 4.09985e+05
        5.32837e+05 6.77809e+05 8.35138e+05 1.01949e+06 1.22831e+06 1.45348e+06
        1.69434e+06 1.96397e+06 2.25713e+06 2.56854e+06 2.90549e+06 3.26151e+06
        3.63811e+06 4.04057e+06 4.46300e+06 4.92328e+06 5.38962e+06 5.89920e+06
        6.42586e+06 6.97650e+06 7.55946e+06 8.16718e+06 8.80843e+06 9.46081e+06
        1.01688e+07 1.08879e+07 1.16652e+07 1.24339e+07 1.32731e+07 1.41287e+07
        1.50530e+07 1.59859e+07 1.69595e+07 1.79836e+07 1.89928e+07 2.01263e+07
        2.12156e+07 2.23880e+07 2.35761e+07 2.48313e+07 2.61205e+07 2.74522e+07
        2.88705e+07 3.02349e+07 3.17076e+07 2.66907e+07 7.39884e+06 0.00000e+00
        0.00000e+00 3.31478e+04 2.92908e+06 6.38689e+06 9.42269e+06 1.22467e+07
        1.61498e+07 2.51575e+07 3.34989e+07 4.13894e+07 5.27325e+07 7.40112e+07
        9.31976e+07 1.12853e+08 1.47764e+08 1.84393e+08 2.18147e+08 2.72099e+08
        3.29791e+08 3.82739e+08 4.61615e+08 5.38065e+08 6.16330e+08 7.26454e+08
        8.23790e+08 9.48565e+08 1.08216e+09 1.21133e+09 1.38015e+09 1.53437e+09
        1.71625e+09 1.90698e+09 2.10220e+09 2.32724e+09 2.52632e+09 2.77986e+09
        2.99859e+09 3.26187e+09 3.48322e+09 3.73927e+09 3.97414e+09 4.22191e+09
        4.43895e+09 4.66424e+09 4.86796e+09 5.05451e+09 5.22915e+09 5.39401e+09
        5.52089e+09 5.62129e+09 5.74342e+09 5.79307e+09 5.85309e+09 5.90609e+09
        5.89941e+09 5.91328e+09 5.90734e+09 5.88918e+09 5.85939e+09 5.80144e+09
        5.75371e+09 5.68862e+09 5.62285e+09 5.57386e+09 5.47926e+09 5.42901e+09
        5.32394e+09 5.25537e+09 5.19423e+09 5.08637e+09 5.02285e+09 4.94579e+09
        4.85749e+09 4.79095e+09 4.71785e+09 4.64968e+09 4.57975e+09 4.50528e+09
        4.42285e+09 4.36477e+09 4.30189e+09 4.24636e+09 4.18364e+09 4.12192e+09
        4.06881e+09 4.01587e+09 3.95653e+09 3.91502e+09 3.85396e+09 3.81449e+09
        3.76374e+09 3.72979e+09 3.66418e+09 3.63755e+09 3.59365e+09 3.56114e+09
        3.52221e+09 3.47969e+09 2.78536e+09 1.51464e+09 3.15754e+08 0.00000e+00
c
  si57  A 2.54 60i 3.15 14.22 102i 15.25
  sp57  0.00000e+00 1.55069e+02 3.99176e+03 8.60132e+03 1.46229e+04 3.06387e+04
        4.82145e+04 8.12225e+04 1.17114e+05 1.73752e+05 2.37421e+05 3.19348e+05
        4.20338e+05 5.27672e+05 6.62330e+05 8.13830e+05 9.79054e+05 1.16256e+06
        1.37048e+06 1.58977e+06 1.82855e+06 2.08778e+06 2.36675e+06 2.66602e+06
        2.98178e+06 3.32164e+06 3.66969e+06 4.05747e+06 4.44708e+06 4.87017e+06
        5.30743e+06 5.77669e+06 6.26916e+06 6.78563e+06 7.30950e+06 7.87779e+06
        8.45401e+06 9.07446e+06 9.70907e+06 1.03820e+07 1.10745e+07 1.18098e+07
        1.25662e+07 1.33554e+07 1.41834e+07 1.50411e+07 1.59485e+07 1.68471e+07
        1.77976e+07 1.88085e+07 1.98179e+07 2.08724e+07 2.19433e+07 2.31023e+07
        2.42620e+07 2.54772e+07 2.67205e+07 2.80153e+07 2.91396e+07 1.69649e+07
        1.10710e+06 0.00000e+00 0.00000e+00 9.55647e+05 4.21325e+06 6.89148e+06
        9.35416e+06 1.16592e+07 1.72327e+07 2.48745e+07 3.18076e+07 3.83758e+07
        5.20347e+07 6.99002e+07 8.57448e+07 1.04359e+08 1.37271e+08 1.67057e+08
        1.97046e+08 2.46940e+08 2.94334e+08 3.39723e+08 4.11623e+08 4.73848e+08
        5.39893e+08 6.38901e+08 7.21636e+08 8.21716e+08 9.42992e+08 1.04750e+09
        1.19193e+09 1.32141e+09 1.47787e+09 1.64402e+09 1.79628e+09 1.99821e+09
        2.16169e+09 2.37812e+09 2.55884e+09 2.78231e+09 2.97993e+09 3.19148e+09
        3.39052e+09 3.60181e+09 3.80512e+09 3.98780e+09 4.16079e+09 4.34181e+09
        4.48420e+09 4.63790e+09 4.74107e+09 4.85527e+09 4.94872e+09 5.01626e+09
        5.08474e+09 5.11669e+09 5.14384e+09 5.14082e+09 5.14795e+09 5.13909e+09
        5.11766e+09 5.08938e+09 5.04268e+09 5.01090e+09 4.93718e+09 4.89756e+09
        4.82715e+09 4.78154e+09 4.70736e+09 4.64034e+09 4.57504e+09 4.51431e+09
        4.43324e+09 4.37967e+09 4.29738e+09 4.25151e+09 4.16640e+09 4.12283e+09
        4.04824e+09 3.98657e+09 3.93721e+09 3.87457e+09 3.81081e+09 3.75678e+09
        3.71439e+09 3.65683e+09 3.59820e+09 3.56294e+09 3.50892e+09 3.46737e+09
        3.42615e+09 3.37697e+09 3.33787e+09 3.29410e+09 3.25751e+09 3.22280e+09
        3.18796e+09 3.15249e+09 3.11576e+09 3.08325e+09 3.04953e+09 2.97998e+09
        2.02794e+09 7.98704e+08 1.45881e+07 0.00000e+00
c
  si58  A 2.55 60i 3.16 14.22 104i 15.27
  sp58  0.00000e+00 2.45928e+03 6.55125e+03 1.04217e+04 2.24875e+04 3.62096e+04
        6.05918e+04 8.92014e+04 1.32644e+05 1.80692e+05 2.50931e+05 3.24072e+05
        4.15833e+05 5.23780e+05 6.39270e+05 7.77189e+05 9.31604e+05 1.09371e+06
        1.27176e+06 1.47310e+06 1.68541e+06 1.91565e+06 2.15923e+06 2.41844e+06
        2.69898e+06 2.99269e+06 3.30484e+06 3.63859e+06 3.98025e+06 4.35086e+06
        4.73893e+06 5.14595e+06 5.56975e+06 6.01543e+06 6.48256e+06 6.96727e+06
        7.47355e+06 8.01054e+06 8.56244e+06 9.15215e+06 9.75302e+06 1.03796e+07
        1.10559e+07 1.17319e+07 1.24513e+07 1.32045e+07 1.39593e+07 1.47667e+07
        1.55925e+07 1.64586e+07 1.73295e+07 1.82579e+07 1.91950e+07 2.01768e+07
        2.11831e+07 2.22468e+07 2.33423e+07 2.44504e+07 2.56167e+07 2.19496e+07
        3.99535e+06 0.00000e+00 0.00000e+00 8.97428e+04 2.54542e+06 4.92171e+06
        7.07154e+06 9.07076e+06 1.16658e+07 1.81619e+07 2.40314e+07 2.98095e+07
        3.62107e+07 5.11073e+07 6.54663e+07 7.83835e+07 9.85337e+07 1.26261e+08
        1.50661e+08 1.79223e+08 2.23261e+08 2.60763e+08 3.03190e+08 3.65457e+08
        4.16817e+08 4.76405e+08 5.58672e+08 6.26741e+08 7.18559e+08 8.16677e+08
        9.05698e+08 1.03307e+09 1.13437e+09 1.26818e+09 1.40946e+09 1.53626e+09
        1.70917e+09 1.83940e+09 2.02785e+09 2.17977e+09 2.36325e+09 2.52349e+09
        2.71443e+09 2.88049e+09 3.04973e+09 3.22177e+09 3.38833e+09 3.53598e+09
        3.67805e+09 3.81208e+09 3.93513e+09 4.03447e+09 4.14447e+09 4.20135e+09
        4.28415e+09 4.33568e+09 4.37533e+09 4.39626e+09 4.41193e+09 4.41206e+09
        4.40698e+09 4.39541e+09 4.37343e+09 4.34884e+09 4.30551e+09 4.27606e+09
        4.21562e+09 4.17521e+09 4.12536e+09 4.06922e+09 4.02348e+09 3.95818e+09
        3.90444e+09 3.84607e+09 3.78875e+09 3.73136e+09 3.68557e+09 3.62042e+09
        3.56770e+09 3.52334e+09 3.46594e+09 3.41050e+09 3.36604e+09 3.31425e+09
        3.26846e+09 3.22139e+09 3.17716e+09 3.13337e+09 3.09158e+09 3.05265e+09
        3.01139e+09 2.96929e+09 2.94445e+09 2.89759e+09 2.86450e+09 2.83176e+09
        2.79723e+09 2.76614e+09 2.73926e+09 2.70342e+09 2.68175e+09 2.65056e+09
        2.62594e+09 2.60106e+09 2.14393e+09 9.44204e+08 4.97347e+07 0.00000e+00
c
  si59  A 2.55 61i 3.17 14.23 105i 15.29
  sp59  0.00000e+00 1.40037e+03 4.89096e+03 7.87646e+03 1.59502e+04 2.78090e+04
        4.41287e+04 6.86424e+04 9.93660e+04 1.39702e+05 1.90997e+05 2.48883e+05
        3.25802e+05 4.04527e+05 5.00183e+05 6.14107e+05 7.28933e+05 8.60786e+05
        1.01321e+06 1.16962e+06 1.33837e+06 1.52145e+06 1.72606e+06 1.93999e+06
        2.16243e+06 2.40163e+06 2.65362e+06 2.92287e+06 3.20594e+06 3.50712e+06
        3.82471e+06 4.15389e+06 4.49909e+06 4.86750e+06 5.24636e+06 5.64487e+06
        6.06448e+06 6.49734e+06 6.95531e+06 7.42146e+06 7.92755e+06 8.43791e+06
        8.98262e+06 9.53476e+06 1.01285e+07 1.07426e+07 1.13836e+07 1.20183e+07
        1.27311e+07 1.34075e+07 1.41384e+07 1.49135e+07 1.56848e+07 1.64834e+07
        1.73180e+07 1.81930e+07 1.90638e+07 2.00018e+07 2.09601e+07 2.19305e+07
        2.13913e+07 5.46898e+06 0.00000e+00 0.00000e+00 1.20369e+06 3.41486e+06
        5.25288e+06 6.94011e+06 8.47087e+06 1.27338e+07 1.79529e+07 2.27600e+07
        2.72516e+07 3.61667e+07 4.84230e+07 6.00017e+07 7.11341e+07 9.33301e+07
        1.14389e+08 1.34431e+08 1.63830e+08 1.99422e+08 2.29280e+08 2.70955e+08
        3.20495e+08 3.61152e+08 4.20407e+08 4.83288e+08 5.39096e+08 6.25537e+08
        6.98697e+08 7.76975e+08 8.82696e+08 9.67619e+08 1.08370e+09 1.19390e+09
        1.30905e+09 1.44196e+09 1.55294e+09 1.71367e+09 1.82740e+09 1.99283e+09
        2.12248e+09 2.26935e+09 2.41872e+09 2.55593e+09 2.69510e+09 2.82809e+09
        2.95529e+09 3.07015e+09 3.18454e+09 3.29181e+09 3.37012e+09 3.45583e+09
        3.52167e+09 3.57846e+09 3.62407e+09 3.66572e+09 3.67576e+09 3.70827e+09
        3.69098e+09 3.69063e+09 3.69083e+09 3.67719e+09 3.65070e+09 3.62058e+09
        3.59423e+09 3.54934e+09 3.51052e+09 3.48303e+09 3.42861e+09 3.38676e+09
        3.34350e+09 3.29281e+09 3.24616e+09 3.20601e+09 3.15054e+09 3.11137e+09
        3.06535e+09 3.01227e+09 2.97643e+09 2.93159e+09 2.88751e+09 2.84740e+09
        2.81016e+09 2.76094e+09 2.72460e+09 2.68682e+09 2.65209e+09 2.61768e+09
        2.58491e+09 2.55161e+09 2.51478e+09 2.48576e+09 2.45814e+09 2.42798e+09
        2.39954e+09 2.36570e+09 2.34228e+09 2.31617e+09 2.29288e+09 2.27117e+09
        2.24155e+09 2.21961e+09 2.20437e+09 2.17944e+09 1.85458e+09 7.14932e+08
        6.69553e+06 0.00000e+00
c
  si60  A 2.55 62i 3.18 14.23 106i 15.3
  sp60  0.00000e+00 7.66503e+02 3.52598e+03 6.04216e+03 1.10997e+04 2.08261e+04
        3.20276e+04 5.17576e+04 7.32155e+04 1.06136e+05 1.42667e+05 1.90118e+05
        2.46830e+05 3.07340e+05 3.86715e+05 4.67372e+05 5.60362e+05 6.70307e+05
        7.82810e+05 9.02356e+05 1.04159e+06 1.18927e+06 1.34419e+06 1.51079e+06
        1.68698e+06 1.88158e+06 2.08189e+06 2.29570e+06 2.51812e+06 2.75417e+06
        3.00571e+06 3.26233e+06 3.54661e+06 3.83770e+06 4.13700e+06 4.45462e+06
        4.78666e+06 5.13199e+06 5.49248e+06 5.87326e+06 6.27165e+06 6.68106e+06
        7.09368e+06 7.56543e+06 8.02221e+06 8.49922e+06 9.01472e+06 9.54342e+06
        1.00808e+07 1.06585e+07 1.12303e+07 1.18270e+07 1.24606e+07 1.31067e+07
        1.37490e+07 1.44661e+07 1.51753e+07 1.59166e+07 1.66685e+07 1.74591e+07
        1.82869e+07 1.82554e+07 4.20516e+06 0.00000e+00 0.00000e+00 4.65630e+05
        2.29488e+06 3.78156e+06 5.16619e+06 6.50946e+06 8.61418e+06 1.31129e+07
        1.69398e+07 2.06592e+07 2.51686e+07 3.55663e+07 4.46456e+07 5.33180e+07
        6.61915e+07 8.48044e+07 1.00974e+08 1.18339e+08 1.47654e+08 1.73479e+08
        1.98378e+08 2.38858e+08 2.74786e+08 3.08386e+08 3.63089e+08 4.10787e+08
        4.58303e+08 5.31635e+08 5.87160e+08 6.60204e+08 7.38469e+08 8.08312e+08
        9.07752e+08 9.90211e+08 1.09396e+09 1.19247e+09 1.28997e+09 1.41286e+09
        1.51045e+09 1.64034e+09 1.73708e+09 1.87332e+09 1.97420e+09 2.09563e+09
        2.19488e+09 2.30812e+09 2.41326e+09 2.50282e+09 2.59476e+09 2.67291e+09
        2.73887e+09 2.80945e+09 2.85702e+09 2.91155e+09 2.93726e+09 2.97863e+09
        2.98320e+09 3.00396e+09 2.99533e+09 3.00785e+09 2.99482e+09 2.98287e+09
        2.97094e+09 2.93960e+09 2.92117e+09 2.88403e+09 2.86343e+09 2.82243e+09
        2.79150e+09 2.76231e+09 2.72046e+09 2.68017e+09 2.65080e+09 2.60293e+09
        2.57108e+09 2.53544e+09 2.49690e+09 2.46432e+09 2.42454e+09 2.39164e+09
        2.36004e+09 2.32341e+09 2.29116e+09 2.25484e+09 2.22566e+09 2.19631e+09
        2.16403e+09 2.13771e+09 2.10901e+09 2.08344e+09 2.05742e+09 2.03471e+09
        2.00342e+09 1.98090e+09 1.95868e+09 1.93646e+09 1.91755e+09 1.89129e+09
        1.87181e+09 1.85256e+09 1.83573e+09 1.81447e+09 1.79765e+09 1.78187e+09
        1.76616e+09 1.27857e+09 2.09164e+08 0.00000e+00
c
  si61  A 2.55 63i 3.19 14.23 107i 15.31
  sp61  0.00000e+00 3.98622e+02 2.47263e+03 4.41897e+03 7.63535e+03 1.49880e+04
        2.26911e+04 3.74860e+04 5.24966e+04 7.76131e+04 1.03024e+05 1.40578e+05
        1.79897e+05 2.26770e+05 2.85097e+05 3.44729e+05 4.17465e+05 4.96585e+05
        5.78939e+05 6.74248e+05 7.78675e+05 8.86752e+05 1.00410e+06 1.13042e+06
        1.27036e+06 1.41224e+06 1.56533e+06 1.72117e+06 1.89291e+06 2.07270e+06
        2.26414e+06 2.46575e+06 2.67703e+06 2.89357e+06 3.12595e+06 3.36699e+06
        3.61846e+06 3.88090e+06 4.15678e+06 4.44109e+06 4.74575e+06 5.05924e+06
        5.38388e+06 5.71930e+06 6.07458e+06 6.44804e+06 6.83810e+06 7.23759e+06
        7.65274e+06 8.08165e+06 8.53049e+06 8.97671e+06 9.46655e+06 9.95401e+06
        1.04693e+07 1.09827e+07 1.15296e+07 1.21107e+07 1.26809e+07 1.32827e+07
        1.39150e+07 1.45555e+07 1.36809e+07 1.23338e+06 0.00000e+00 0.00000e+00
        1.15471e+05 1.47682e+06 2.64968e+06 3.72659e+06 4.71039e+06 5.91088e+06
        9.18783e+06 1.22479e+07 1.50915e+07 1.77201e+07 2.47803e+07 3.18456e+07
        3.88338e+07 4.63410e+07 6.04965e+07 7.30248e+07 8.53155e+07 1.04854e+08
        1.25528e+08 1.43947e+08 1.70052e+08 2.00301e+08 2.24551e+08 2.59876e+08
        3.00272e+08 3.33537e+08 3.83321e+08 4.29832e+08 4.76724e+08 5.40156e+08
        5.93864e+08 6.57678e+08 7.30570e+08 7.93522e+08 8.78666e+08 9.49588e+08
        1.03598e+09 1.11649e+09 1.20129e+09 1.29977e+09 1.37208e+09 1.47852e+09
        1.54623e+09 1.65569e+09 1.71755e+09 1.81409e+09 1.87404e+09 1.96408e+09
        2.01522e+09 2.08706e+09 2.12264e+09 2.18610e+09 2.21225e+09 2.25889e+09
        2.27468e+09 2.30723e+09 2.30278e+09 2.32837e+09 2.31447e+09 2.32685e+09
        2.31386e+09 2.30262e+09 2.29463e+09 2.27389e+09 2.25855e+09 2.22239e+09
        2.20566e+09 2.18671e+09 2.15482e+09 2.13610e+09 2.10277e+09 2.07160e+09
        2.04643e+09 2.01473e+09 1.99084e+09 1.96136e+09 1.92939e+09 1.90564e+09
        1.87482e+09 1.84964e+09 1.82329e+09 1.80063e+09 1.77114e+09 1.75248e+09
        1.72460e+09 1.69806e+09 1.67515e+09 1.65704e+09 1.63413e+09 1.61336e+09
        1.59490e+09 1.57470e+09 1.55434e+09 1.53563e+09 1.52031e+09 1.50097e+09
        1.48377e+09 1.46771e+09 1.45246e+09 1.43587e+09 1.42264e+09 1.40718e+09
        1.39611e+09 1.37986e+09 1.36780e+09 1.26287e+09 3.40661e+08 0.00000e+00
c
  si62  A 2.55 63i 3.19 14.24 107i 15.32
  sp62  0.00000e+00 1.97343e+02 1.61594e+03 3.02589e+03 4.92489e+03 1.00899e+04
        1.51500e+04 2.52540e+04 3.55662e+04 5.24735e+04 7.01636e+04 9.58240e+04
        1.22548e+05 1.56802e+05 1.94216e+05 2.36124e+05 2.89134e+05 3.40789e+05
        3.99814e+05 4.69242e+05 5.37490e+05 6.13678e+05 6.95432e+05 7.87378e+05
        8.82172e+05 9.82382e+05 1.08558e+06 1.20092e+06 1.32009e+06 1.44656e+06
        1.58161e+06 1.71812e+06 1.86649e+06 2.02228e+06 2.18487e+06 2.35205e+06
        2.52857e+06 2.71220e+06 2.90602e+06 3.11391e+06 3.32081e+06 3.53874e+06
        3.77123e+06 4.01212e+06 4.25295e+06 4.52168e+06 4.78717e+06 5.07424e+06
        5.36174e+06 5.67002e+06 5.97979e+06 6.30607e+06 6.63660e+06 6.99412e+06
        7.33962e+06 7.71796e+06 8.10415e+06 8.49987e+06 8.91266e+06 9.33494e+06
        9.76929e+06 1.02261e+07 1.07085e+07 6.54341e+06 0.00000e+00 0.00000e+00
        8.80918e+05 1.71518e+06 2.49729e+06 3.22323e+06 3.90777e+06 6.00268e+06
        8.12946e+06 1.02151e+07 1.23005e+07 1.58995e+07 2.14579e+07 2.63045e+07
        3.09903e+07 4.01705e+07 4.93187e+07 5.80826e+07 6.87516e+07 8.51270e+07
        9.87642e+07 1.13019e+08 1.34870e+08 1.54244e+08 1.73751e+08 2.03904e+08
        2.28590e+08 2.56221e+08 2.94691e+08 3.24257e+08 3.66169e+08 4.06813e+08
        4.43617e+08 5.01783e+08 5.42686e+08 5.96525e+08 6.52856e+08 7.03493e+08
        7.71492e+08 8.21420e+08 8.95290e+08 9.46944e+08 1.01561e+09 1.07572e+09
        1.13244e+09 1.20410e+09 1.24844e+09 1.31482e+09 1.35815e+09 1.41398e+09
        1.44900e+09 1.50321e+09 1.52820e+09 1.56214e+09 1.58570e+09 1.61091e+09
        1.62787e+09 1.64085e+09 1.64732e+09 1.64875e+09 1.65091e+09 1.64551e+09
        1.65006e+09 1.63233e+09 1.62840e+09 1.60985e+09 1.59725e+09 1.58393e+09
        1.56087e+09 1.55057e+09 1.52670e+09 1.50991e+09 1.49265e+09 1.46470e+09
        1.45309e+09 1.42839e+09 1.40683e+09 1.38972e+09 1.36992e+09 1.34960e+09
        1.33353e+09 1.30873e+09 1.29392e+09 1.27720e+09 1.25721e+09 1.23992e+09
        1.22386e+09 1.20528e+09 1.19221e+09 1.17456e+09 1.15934e+09 1.14608e+09
        1.13319e+09 1.11650e+09 1.10419e+09 1.09224e+09 1.08030e+09 1.06564e+09
        1.05379e+09 1.04334e+09 1.03307e+09 1.02080e+09 1.01118e+09 1.00200e+09
        9.90380e+08 9.82033e+08 9.72558e+08 9.33144e+08 2.10197e+08 0.00000e+00
c
  si63  A 2.55 64i 3.2 14.24 108i 15.33
  sp63  0.00000e+00 8.79788e+01 9.12401e+02 1.74276e+03 2.80909e+03 5.78448e+03
        8.73883e+03 1.44822e+04 2.06941e+04 3.03070e+04 4.04500e+04 5.60961e+04
        7.08479e+04 9.20677e+04 1.13338e+05 1.38004e+05 1.69194e+05 1.99993e+05
        2.34816e+05 2.74821e+05 3.16654e+05 3.59872e+05 4.10088e+05 4.63275e+05
        5.19698e+05 5.77405e+05 6.40299e+05 7.10398e+05 7.79010e+05 8.54610e+05
        9.31473e+05 1.01767e+06 1.10125e+06 1.19541e+06 1.28763e+06 1.39345e+06
        1.49522e+06 1.60694e+06 1.72319e+06 1.83842e+06 1.96549e+06 2.09559e+06
        2.23327e+06 2.37489e+06 2.52146e+06 2.67715e+06 2.83776e+06 3.00246e+06
        3.18322e+06 3.35861e+06 3.54636e+06 3.73506e+06 3.94006e+06 4.13928e+06
        4.36128e+06 4.58081e+06 4.80448e+06 5.04171e+06 5.29002e+06 5.53771e+06
        5.80019e+06 6.07210e+06 6.35010e+06 6.37667e+06 2.58900e+05 0.00000e+00
        0.00000e+00 4.33575e+05 9.76283e+05 1.43723e+06 1.85882e+06 2.28488e+06
        3.33729e+06 4.70023e+06 5.94107e+06 7.06365e+06 8.93330e+06 1.24772e+07
        1.52373e+07 1.77494e+07 2.28656e+07 2.87294e+07 3.37693e+07 3.93415e+07
        4.87999e+07 5.68287e+07 6.49538e+07 7.87654e+07 9.01289e+07 1.00306e+08
        1.16881e+08 1.33720e+08 1.48047e+08 1.70704e+08 1.89909e+08 2.10227e+08
        2.37629e+08 2.58750e+08 2.90525e+08 3.16429e+08 3.46395e+08 3.82810e+08
        4.10504e+08 4.50220e+08 4.81818e+08 5.20318e+08 5.57624e+08 5.89076e+08
        6.32769e+08 6.66068e+08 7.04417e+08 7.36499e+08 7.76005e+08 7.99683e+08
        8.36380e+08 8.57399e+08 8.88634e+08 9.03567e+08 9.34221e+08 9.40526e+08
        9.59103e+08 9.67555e+08 9.81045e+08 9.78828e+08 9.90295e+08 9.85550e+08
        9.88551e+08 9.84054e+08 9.82116e+08 9.74487e+08 9.67937e+08 9.62376e+08
        9.48250e+08 9.40497e+08 9.31523e+08 9.19521e+08 9.09717e+08 8.95824e+08
        8.86278e+08 8.71861e+08 8.59296e+08 8.51175e+08 8.36809e+08 8.24823e+08
        8.14742e+08 8.00399e+08 7.91977e+08 7.79994e+08 7.67489e+08 7.59604e+08
        7.47812e+08 7.37489e+08 7.26839e+08 7.17869e+08 7.08235e+08 6.99409e+08
        6.90831e+08 6.81673e+08 6.73206e+08 6.66433e+08 6.57620e+08 6.49219e+08
        6.42731e+08 6.35986e+08 6.28576e+08 6.21320e+08 6.15425e+08 6.08914e+08
        6.02267e+08 5.96414e+08 5.91426e+08 5.85483e+08 5.80161e+08 4.86600e+08
        6.90527e+06 0.00000e+00
c
  si64  A 2.55 64i 3.2 14.24 108i 15.33
  sp64  0.00000e+00 2.67678e+01 2.83828e+02 5.87040e+02 9.16783e+02 1.83083e+03
        2.85758e+03 4.77424e+03 6.74961e+03 1.01563e+04 1.32750e+04 1.82108e+04
        2.36359e+04 2.97591e+04 3.74866e+04 4.55296e+04 5.51332e+04 6.59397e+04
        7.80970e+04 9.03292e+04 1.03334e+05 1.19125e+05 1.37142e+05 1.51951e+05
        1.70992e+05 1.90760e+05 2.12384e+05 2.34878e+05 2.57326e+05 2.82358e+05
        3.08149e+05 3.35462e+05 3.64394e+05 3.94988e+05 4.28503e+05 4.59179e+05
        4.95132e+05 5.34060e+05 5.66756e+05 6.10801e+05 6.51525e+05 6.94893e+05
        7.36744e+05 7.87564e+05 8.34987e+05 8.87162e+05 9.38235e+05 9.95967e+05
        1.05237e+06 1.11374e+06 1.17362e+06 1.24091e+06 1.30276e+06 1.37341e+06
        1.44628e+06 1.51758e+06 1.59210e+06 1.67298e+06 1.75228e+06 1.83529e+06
        1.92392e+06 2.01431e+06 2.10247e+06 2.19969e+06 4.64774e+05 0.00000e+00
        0.00000e+00 1.36998e+05 3.02602e+05 4.65965e+05 6.35657e+05 7.12563e+05
        1.04510e+06 1.59637e+06 1.91785e+06 2.28481e+06 2.93179e+06 3.88533e+06
        4.94414e+06 6.02756e+06 7.27363e+06 9.23335e+06 1.09955e+07 1.27749e+07
        1.63487e+07 1.90369e+07 2.12564e+07 2.55709e+07 2.86246e+07 3.25341e+07
        3.97086e+07 4.36482e+07 4.73207e+07 5.74438e+07 6.12637e+07 6.90508e+07
        7.78642e+07 8.58537e+07 9.30759e+07 1.07448e+08 1.11555e+08 1.25094e+08
        1.34032e+08 1.48257e+08 1.59426e+08 1.70534e+08 1.83165e+08 1.94853e+08
        2.10246e+08 2.19499e+08 2.31795e+08 2.43749e+08 2.55379e+08 2.64665e+08
        2.76265e+08 2.84371e+08 2.93633e+08 3.00206e+08 3.07273e+08 3.14868e+08
        3.17228e+08 3.22521e+08 3.23946e+08 3.27204e+08 3.30013e+08 3.28028e+08
        3.28492e+08 3.25995e+08 3.28151e+08 3.24939e+08 3.24269e+08 3.18983e+08
        3.15576e+08 3.15613e+08 3.11784e+08 3.03711e+08 3.06675e+08 2.97590e+08
        2.95958e+08 2.91283e+08 2.88208e+08 2.82559e+08 2.80052e+08 2.75904e+08
        2.71889e+08 2.67224e+08 2.65108e+08 2.59976e+08 2.57024e+08 2.53746e+08
        2.49648e+08 2.46010e+08 2.43090e+08 2.40226e+08 2.36343e+08 2.33035e+08
        2.31709e+08 2.27155e+08 2.25095e+08 2.22737e+08 2.19653e+08 2.16970e+08
        2.14876e+08 2.12100e+08 2.09591e+08 2.07633e+08 2.05583e+08 2.03192e+08
        2.01614e+08 1.99003e+08 1.97569e+08 1.95779e+08 1.93014e+08 1.92178e+08
        3.69727e+07 0.00000e+00
c
c ------------------------------------------------------------------------------
